#unpaired probabilities
 #i$	l=1	2	3	4	5	6	7	8	9	10	11	12	13	14	15	16	17	18	19	20	21	22	23	24	25	26	27	28	
1	0.9828995	NA	NA	NA	NA	NA	NA	NA	NA	NA	NA	NA	NA	NA	NA	NA	NA	NA	NA	NA	NA	NA	NA	NA	NA	NA	NA	NA
2	0.7871205	0.7212277	NA	NA	NA	NA	NA	NA	NA	NA	NA	NA	NA	NA	NA	NA	NA	NA	NA	NA	NA	NA	NA	NA	NA	NA	NA	NA
3	0.5156298	0.4708829	0.4954754	NA	NA	NA	NA	NA	NA	NA	NA	NA	NA	NA	NA	NA	NA	NA	NA	NA	NA	NA	NA	NA	NA	NA	NA	NA
4	0.1929088	0.1580497	0.1538834	0.173069	NA	NA	NA	NA	NA	NA	NA	NA	NA	NA	NA	NA	NA	NA	NA	NA	NA	NA	NA	NA	NA	NA	NA	NA
5	0.2590753	0.1410493	0.118329	0.1183178	0.136843	NA	NA	NA	NA	NA	NA	NA	NA	NA	NA	NA	NA	NA	NA	NA	NA	NA	NA	NA	NA	NA	NA	NA
6	0.3702107	0.2344579	0.1273909	0.1056933	0.1042921	0.118442	NA	NA	NA	NA	NA	NA	NA	NA	NA	NA	NA	NA	NA	NA	NA	NA	NA	NA	NA	NA	NA	NA
7	0.2629908	0.1152262	0.07490489	0.04082627	0.03503525	0.03540116	0.04113917	NA	NA	NA	NA	NA	NA	NA	NA	NA	NA	NA	NA	NA	NA	NA	NA	NA	NA	NA	NA	NA
8	0.2350584	0.1376462	0.07459907	0.04698547	0.02445495	0.02002927	0.01892321	0.01964029	NA	NA	NA	NA	NA	NA	NA	NA	NA	NA	NA	NA	NA	NA	NA	NA	NA	NA	NA	NA
9	0.1485171	0.1038052	0.08559033	0.06970657	0.04445176	0.02327612	0.01905424	0.01794106	0.01862039	NA	NA	NA	NA	NA	NA	NA	NA	NA	NA	NA	NA	NA	NA	NA	NA	NA	NA	NA
10	0.7927785	0.1451078	0.1029858	0.08514735	0.06954953	0.04429707	0.02320699	0.01903361	0.0179242	0.01860415	NA	NA	NA	NA	NA	NA	NA	NA	NA	NA	NA	NA	NA	NA	NA	NA	NA	NA
11	0.8790186	0.7876667	0.1435169	0.102019	0.08468325	0.06937153	0.04413528	0.02315344	0.01899693	0.01790048	0.01858175	NA	NA	NA	NA	NA	NA	NA	NA	NA	NA	NA	NA	NA	NA	NA	NA	NA
12	0.9895034	0.8757944	0.7858174	0.1425366	0.1016513	0.0844972	0.06928182	0.04406457	0.02311002	0.01897558	0.01788118	0.01856351	NA	NA	NA	NA	NA	NA	NA	NA	NA	NA	NA	NA	NA	NA	NA	NA
13	0.4284735	0.4237938	0.3213882	0.2364669	0.1262185	0.0903427	0.07469588	0.05977324	0.0387535	0.02038855	0.01679441	0.01590895	0.016356	NA	NA	NA	NA	NA	NA	NA	NA	NA	NA	NA	NA	NA	NA	NA
14	0.5368092	0.3671727	0.3684177	0.2704556	0.2062975	0.1025414	0.08123811	0.06692528	0.05227721	0.03422411	0.01792799	0.01468769	0.01380014	0.01428181	NA	NA	NA	NA	NA	NA	NA	NA	NA	NA	NA	NA	NA	NA
15	0.5563122	0.4331287	0.3345746	0.334069	0.2625504	0.2009727	0.09911601	0.07908579	0.06592181	0.05194055	0.03401502	0.01782159	0.01459807	0.01371075	0.0141907	NA	NA	NA	NA	NA	NA	NA	NA	NA	NA	NA	NA	NA
16	0.8408095	0.4134208	0.3266072	0.2448754	0.2461413	0.1966632	0.1629797	0.09865763	0.07878153	0.06578361	0.05190071	0.03398616	0.01780289	0.01458552	0.01370038	0.01417996	NA	NA	NA	NA	NA	NA	NA	NA	NA	NA	NA	NA
17	0.8296279	0.7987042	0.3734902	0.2879394	0.2092326	0.2106373	0.167915	0.1428616	0.09015344	0.07808332	0.06530297	0.05151984	0.03373605	0.01767135	0.01447579	0.01359431	0.01408694	NA	NA	NA	NA	NA	NA	NA	NA	NA	NA	NA
18	0.3289599	0.3114308	0.2801788	0.1722802	0.1356025	0.1154999	0.1167593	0.1047135	0.09269896	0.05303931	0.04614337	0.03847979	0.03668902	0.02377796	0.01213622	0.009633143	0.008576442	0.008689607	NA	NA	NA	NA	NA	NA	NA	NA	NA	NA
19	0.3913231	0.3086906	0.2910533	0.2602241	0.1643582	0.1288499	0.1105729	0.1125128	0.1014552	0.09011632	0.05140026	0.04474068	0.03727321	0.03550964	0.02320467	0.01182807	0.009374143	0.008322712	0.008451429	NA	NA	NA	NA	NA	NA	NA	NA	NA
20	0.7265317	0.383744	0.3013362	0.2833856	0.252225	0.1566664	0.121679	0.1098954	0.1118517	0.1010304	0.08980036	0.05119402	0.04458768	0.03715672	0.03540717	0.0231357	0.01179039	0.009342063	0.008290688	0.008420207	NA	NA	NA	NA	NA	NA	NA	NA
21	0.2753643	0.2376212	0.1090894	0.09272904	0.0901406	0.08675808	0.05449736	0.04572314	0.04085692	0.04129997	0.03634715	0.03007789	0.02225948	0.01841413	0.01386263	0.0120546	0.00789592	0.004048502	0.003229751	0.002920252	0.001993405	NA	NA	NA	NA	NA	NA	NA
22	0.2768858	0.1193297	0.09603151	0.08044309	0.0695216	0.06585669	0.06143116	0.04062334	0.03274815	0.03016424	0.03036186	0.02603658	0.02055593	0.01384422	0.01035786	0.006198934	0.003999342	0.002696136	0.001537241	0.001373942	0.001487135	0.001930022	NA	NA	NA	NA	NA	NA
23	0.318709	0.2125286	0.1097727	0.08961622	0.07435666	0.06408254	0.0601694	0.05565941	0.03542662	0.02755128	0.02522277	0.02537137	0.02174396	0.01715443	0.01166706	0.008894448	0.005614219	0.003940827	0.002663925	0.001520601	0.001358716	0.001470136	0.001907904	NA	NA	NA	NA	NA
24	0.8399044	0.3080525	0.2067895	0.1070913	0.08789701	0.07271996	0.06249977	0.05849753	0.0538946	0.03374943	0.02584189	0.02366993	0.02384974	0.0205245	0.01630776	0.01124468	0.008611579	0.0055015	0.003930137	0.002657892	0.001517281	0.001355828	0.001467096	0.001904122	NA	NA	NA	NA
25	0.9645516	0.8315937	0.3050506	0.204979	0.105805	0.08687244	0.07200709	0.06183383	0.0578099	0.0531818	0.03328047	0.02537992	0.0232521	0.02343858	0.0201914	0.01606731	0.01111061	0.008538364	0.005464906	0.003914445	0.002647657	0.001511773	0.001351088	0.001462318	0.001899337	NA	NA	NA
26	0.8314262	0.8255971	0.6893364	0.2116738	0.1331213	0.08308871	0.06635786	0.05386197	0.04455829	0.03975921	0.03427315	0.01644116	0.008652591	0.007457003	0.007461049	0.006430953	0.005142001	0.004060479	0.003735604	0.003425097	0.003513129	0.002401908	0.001384105	0.001242752	0.001354337	0.001796775	NA	NA
27	0.8635625	0.8293426	0.8236071	0.6874258	0.2107627	0.1323367	0.08261161	0.06593639	0.05343478	0.0441373	0.03931509	0.03380381	0.01598337	0.008180466	0.007027157	0.007039229	0.006102614	0.004931241	0.003996795	0.003693061	0.003407506	0.003510413	0.00240024	0.00138323	0.00124202	0.001353618	0.001796043	NA
28	0.458651	0.4166449	0.3879057	0.381192	0.2436252	0.1967236	0.1252301	0.07625318	0.05980837	0.04733883	0.03786963	0.03274869	0.02690442	0.0155016	0.007778352	0.006687141	0.006701072	0.005810572	0.004700388	0.003835315	0.003567561	0.003301901	0.003408737	0.002333987	0.001349974	0.001215058	0.001328555	0.001777248
29	0.215645	0.1708949	0.126484	0.09884599	0.08257555	0.06127979	0.03759963	0.02270455	0.01676011	0.0129258	0.01032479	0.008769152	0.008117525	0.00724348	0.00447051	0.003141333	0.002762915	0.00276781	0.002468477	0.002087555	0.001653546	0.001476791	0.001277405	0.001252745	0.0008097284	0.0003940742	0.0002951882	0.0002666719
30	0.2558659	0.1728843	0.1470336	0.1108348	0.08515591	0.06926916	0.04882069	0.02732451	0.01861551	0.01403454	0.01083417	0.008639871	0.007216029	0.006534938	0.005628049	0.003311574	0.002211822	0.001916078	0.001915192	0.001716808	0.001462163	0.001174193	0.001064195	0.0009463629	0.0009476798	0.0006204261	0.0003146917	0.0002480603
31	0.6140635	0.1276529	0.09318574	0.08060868	0.06833737	0.05405904	0.04688629	0.03579233	0.02312261	0.01767179	0.01344891	0.01042683	0.008335926	0.006953857	0.006287068	0.005397491	0.003169916	0.002106428	0.001833674	0.0018324	0.00164138	0.001401264	0.0011235	0.001017273	0.0009034638	0.0009037272	0.0005915122	0.0002997949
32	0.3165225	0.2928579	0.07813821	0.05267936	0.04296524	0.03489605	0.02745253	0.02191349	0.01600983	0.008460492	0.0053418	0.003973764	0.003168662	0.002603838	0.002203977	0.0020695	0.001918195	0.001333543	0.001078336	0.0008982526	0.0008749527	0.0007455189	0.0005852331	0.0004185069	0.0003407616	0.0002564035	0.0002208101	0.0001471156
33	0.4772156	0.2377281	0.2154185	0.06213338	0.03963101	0.03155981	0.02450464	0.01868937	0.01405331	0.009129173	0.004045682	0.001988536	0.001503066	0.001321137	0.001098008	0.0009447603	0.0009379733	0.0009281923	0.000772702	0.0007165771	0.0005927244	0.0005668559	0.0004719807	0.0003550489	0.0002278202	0.000164222	9.111603e-05	4.881727e-05
34	0.6814545	0.4094857	0.1817901	0.158248	0.05965306	0.03792554	0.03010656	0.023186	0.01762967	0.0131367	0.008379857	0.003513576	0.001574678	0.001294252	0.001141509	0.0009746543	0.0008379432	0.0008366191	0.0008338968	0.0007033221	0.0006601281	0.0005487134	0.0005223779	0.0004332485	0.0003236421	0.00020536	0.0001463268	7.84958e-05
35	0.7223121	0.5291899	0.2781332	0.1376863	0.1247008	0.04782411	0.02880201	0.02312023	0.01739507	0.01324809	0.009993266	0.006544711	0.002898754	0.001416338	0.00118508	0.001056642	0.0009036832	0.0007727876	0.0007721525	0.0007702213	0.0006528201	0.000614968	0.0005230208	0.0005060846	0.0004197978	0.0003136153	0.0001975122	0.0001391448
36	0.3441808	0.2740572	0.2252264	0.1702712	0.1023489	0.0933524	0.0240219	0.01241139	0.0104839	0.007348669	0.005540481	0.00441411	0.003210856	0.001769008	0.001145402	0.001006588	0.0009261991	0.0008032223	0.0006819633	0.0006838248	0.0006847604	0.0005953174	0.0005684948	0.00050136	0.0004843472	0.0004002271	0.0002966887	0.0001835684
37	0.7665665	0.2306845	0.1815888	0.1366493	0.08095573	0.0566849	0.04658218	0.02078853	0.01149965	0.009745611	0.006697411	0.005087131	0.004054387	0.00295074	0.001616897	0.001037817	0.0009177434	0.0008494709	0.000733262	0.000644748	0.0006500489	0.0006548199	0.000574578	0.0005529972	0.0004879587	0.0004711376	0.0003878807	0.0002853801
38	0.2584836	0.1734342	0.1234476	0.1052401	0.08194971	0.05248606	0.04484242	0.03682847	0.01371394	0.006130992	0.005062466	0.004495225	0.003380601	0.002765638	0.002108106	0.00121496	0.0008711503	0.0007773776	0.000723199	0.0006953977	0.0006128609	0.0006201511	0.0006274806	0.0005578863	0.0005406421	0.0004777072	0.0004608826	0.0003786978
39	0.2579871	0.1659863	0.1199308	0.0808299	0.06889274	0.05576744	0.03255043	0.02682801	0.01899087	0.003425029	0.002859682	0.002342695	0.00208357	0.001710473	0.001406148	0.001094578	0.0005865206	0.0004491387	0.0004405521	0.0004421967	0.0004574668	0.0004576598	0.0004825266	0.0005105486	0.0004801566	0.0004892421	0.0004446044	0.0004358324
40	0.3202009	0.1834065	0.1277224	0.08257685	0.06406585	0.05361813	0.04418779	0.02886937	0.02368625	0.01606199	0.002043609	0.001724	0.001486142	0.001358293	0.001126962	0.0009877399	0.0008516797	0.0005075954	0.0004227335	0.0004204182	0.0004331647	0.0004504256	0.0004513163	0.0004765435	0.0005048302	0.0004762025	0.0004859118	0.0004416473
41	0.2468449	0.204948	0.1641487	0.1215807	0.07691831	0.06006119	0.05023457	0.04170543	0.02694017	0.02209763	0.01471003	0.001029251	0.0008969871	0.0008405718	0.0008259885	0.0007037763	0.0006836293	0.0006745021	0.0004489888	0.0004085305	0.0004112063	0.0004265984	0.0004456434	0.0004471027	0.0004725442	0.0005011126	0.0004738344	0.0004840347
42	0.1353935	0.1239354	0.112143	0.09242214	0.06318492	0.02982578	0.02445561	0.02079921	0.01638143	0.007542106	0.007201147	0.007338594	0.0007739966	0.0006802161	0.0006532739	0.0006534512	0.0005635913	0.0005609284	0.0005706755	0.0003633522	0.0003275006	0.0003276202	0.0003396112	0.0003544674	0.0003552954	0.0003754428	0.0003980593	0.0003642613
43	0.468267	0.1319987	0.120833	0.1091673	0.09033493	0.06207488	0.02882562	0.02350478	0.01999208	0.01564349	0.007172271	0.006860761	0.007019599	0.0007250132	0.0006677877	0.0006406125	0.0006404011	0.0005524338	0.0005493921	0.0005587674	0.0003512484	0.0003149457	0.0003145223	0.0003258726	0.0003400118	0.0003408307	0.0003601283	0.000381789
44	0.8250011	0.4174644	0.1219266	0.11231	0.1011974	0.08273738	0.06182995	0.02860361	0.02330109	0.01981596	0.01548114	0.007071535	0.00677085	0.006938908	0.0006912182	0.0006461333	0.0006266508	0.0006259936	0.0005379163	0.0005343331	0.0005431272	0.0003492596	0.0003129152	0.0003124119	0.0003236649	0.0003376914	0.0003385096	0.0003576712
45	0.7385636	0.5647941	0.2490308	0.05314024	0.04921605	0.04657215	0.0410207	0.0408696	0.008339217	0.003068494	0.002385009	0.0009964606	0.0007274116	0.0006414074	0.0006205361	0.0001662454	0.0001338492	0.0001049518	8.919071e-05	7.049976e-05	5.176712e-05	4.483373e-05	3.122817e-05	2.491498e-05	1.294968e-05	1.011242e-05	8.29732e-06	7.44803e-06
46	0.6614369	0.6376819	0.5013639	0.1864197	0.02060408	0.01720865	0.0143118	0.008664811	0.00796578	0.007634097	0.002707679	0.002188318	0.0008704695	0.000657711	0.0005726229	0.0005498379	0.0001534111	0.0001211417	9.199467e-05	7.587553e-05	5.714245e-05	3.799435e-05	3.055402e-05	2.00413e-05	1.364376e-05	1.056173e-05	7.680296e-06	6.035196e-06
47	0.3866399	0.2365827	0.2063347	0.1809889	0.1740556	0.01483272	0.01159692	0.00873143	0.00357189	0.002841071	0.002588296	0.002415953	0.001953951	0.0006637191	0.000502799	0.0004252102	0.0004234017	8.183717e-05	6.660817e-05	5.428557e-05	4.773079e-05	3.953264e-05	3.242148e-05	2.481074e-05	1.665459e-05	1.102445e-05	7.89653e-06	6.111738e-06
48	0.2685792	0.2319168	0.1251825	0.09893957	0.07203805	0.06414183	0.01292471	0.00981197	0.007075314	0.002978694	0.002262942	0.002130873	0.00197145	0.001882793	0.0006005775	0.0004639272	0.0003934714	0.000393204	6.706841e-05	5.446952e-05	4.459451e-05	3.936762e-05	3.268071e-05	2.723109e-05	2.14017e-05	1.363148e-05	9.443303e-06	7.082049e-06
49	0.3326117	0.1874091	0.1686989	0.08020053	0.07490484	0.06998355	0.06221207	0.01136599	0.009434342	0.006782918	0.002778201	0.002070866	0.001941118	0.001784264	0.001697783	0.0004187306	0.0002875702	0.0002144813	0.0002097051	6.054256e-05	4.932247e-05	4.044435e-05	3.575387e-05	2.97482e-05	2.486198e-05	1.962815e-05	1.256016e-05	8.656422e-06
50	0.2646937	0.1907022	0.1287656	0.1115547	0.06541337	0.06028961	0.05554913	0.05425091	0.007434963	0.006490947	0.004587064	0.001108256	0.0008625802	0.0007040079	0.0005174316	0.0004117165	0.0003331345	0.0002290438	0.0001675381	0.0001619404	5.21116e-05	4.218283e-05	3.377493e-05	2.928429e-05	2.374852e-05	1.910513e-05	1.413882e-05	8.765388e-06
51	0.2375685	0.2045928	0.138359	0.079163	0.07872308	0.03612883	0.03585931	0.03058064	0.02922969	0.006562454	0.005776933	0.004000635	0.0006514748	0.0004902469	0.0004301675	0.0003428092	0.0002951597	0.000251718	0.0001841788	0.0001652591	0.0001597056	5.115049e-05	4.133677e-05	3.30273e-05	2.858437e-05	2.310583e-05	1.852402e-05	1.362328e-05
52	0.2992037	0.1557628	0.1358763	0.1189199	0.06484796	0.06514031	0.03437127	0.03450219	0.02961396	0.02842511	0.006144772	0.005539936	0.003801277	0.0004756883	0.0003264016	0.0002674541	0.0001817495	0.0001507622	0.0001084443	8.258904e-05	6.427645e-05	5.739306e-05	4.360439e-05	3.506262e-05	2.68699e-05	2.245015e-05	1.750839e-05	1.291136e-05
53	0.7488176	0.2091169	0.09670803	0.07896544	0.06288608	0.06291216	0.06347423	0.033134	0.03325304	0.02835124	0.02741959	0.005709031	0.005270835	0.003639341	0.0003942522	0.0003059807	0.0002470386	0.0001614309	0.000130842	0.0001036538	7.920624e-05	6.110115e-05	5.439771e-05	4.261686e-05	3.431547e-05	2.626114e-05	2.18856e-05	1.712809e-05
54	0.4112819	0.3108149	0.181957	0.08832745	0.0711676	0.0563101	0.05632896	0.05675867	0.02629198	0.02654945	0.02708961	0.0271269	0.00558338	0.005148086	0.003528762	0.0003870358	0.0002996509	0.0002413823	0.0001564439	0.000126719	0.0001001244	7.67764e-05	5.876281e-05	5.199627e-05	4.194002e-05	3.364831e-05	2.558341e-05	2.11914e-05
55	0.669455	0.3024104	0.2493499	0.1281948	0.05696321	0.03977093	0.02529079	0.02475931	0.0245641	0.02477857	0.02500511	0.02551309	0.02551879	0.003979607	0.003622074	0.003498503	0.0003585053	0.0002959956	0.0002381343	0.0001535478	0.0001240807	9.760594e-05	7.458386e-05	5.668237e-05	5.01128e-05	4.056704e-05	3.249995e-05	2.464877e-05
56	0.4119443	0.3968304	0.1902192	0.1511636	0.07607844	0.03760375	0.02039636	0.006877014	0.005996043	0.005411016	0.005216076	0.005255599	0.005319141	0.004878015	0.003890033	0.003546326	0.003428592	0.0003429869	0.000283264	0.0002307656	0.0001481908	0.000119997	9.423909e-05	7.29041e-05	5.576759e-05	4.922175e-05	4.016239e-05	3.214604e-05
57	0.7699361	0.3781882	0.3669679	0.1669909	0.1444843	0.0706828	0.03368481	0.01848401	0.006465419	0.005672665	0.005165026	0.005007519	0.005043159	0.005102141	0.004664823	0.003689363	0.003502964	0.003415507	0.0003332117	0.000275412	0.000224154	0.000142686	0.0001150614	8.96202e-05	6.867628e-05	5.194651e-05	4.612534e-05	3.757622e-05
58	0.6505128	0.5440246	0.2673168	0.2602103	0.1181224	0.1013068	0.05958138	0.03227182	0.01745887	0.005850363	0.005074968	0.004572526	0.004411076	0.004435347	0.004488807	0.004347594	0.003529722	0.003366425	0.003299664	0.0002381969	0.0001952968	0.0001615381	0.0001192467	0.0001011378	8.23569e-05	6.798891e-05	5.130347e-05	4.555522e-05
59	0.5882863	0.4912278	0.4534386	0.1996706	0.1939645	0.08644548	0.07295529	0.04654926	0.02818329	0.01399312	0.002824312	0.002048001	0.00148671	0.001261706	0.00125163	0.001235304	0.001138761	0.000484039	0.0002807467	0.000169185	0.0001300273	0.0001071681	9.706584e-05	7.876262e-05	7.333786e-05	6.298653e-05	5.746328e-05	5.110214e-05
60	0.6759852	0.5794142	0.484061	0.4479748	0.1949213	0.1893062	0.08370917	0.07045566	0.04435328	0.02724033	0.01356928	0.002745888	0.001992206	0.001452052	0.001237244	0.001226832	0.001210049	0.001116372	0.0004676754	0.0002651577	0.0001542194	0.0001160088	0.0001041667	9.457337e-05	7.673982e-05	7.154582e-05	6.133451e-05	5.595666e-05
61	0.4596223	0.3253838	0.2679531	0.1978726	0.1646573	0.1318894	0.126579	0.06858122	0.05557754	0.04017353	0.02574701	0.0128235	0.002619792	0.001914935	0.001402549	0.001199584	0.001190022	0.001174459	0.001084873	0.0004550989	0.0002541957	0.0001444584	0.0001077747	9.665904e-05	8.748575e-05	7.002127e-05	6.50094e-05	5.55453e-05
62	0.2329588	0.2049802	0.1783643	0.1303675	0.09697984	0.09014626	0.06852676	0.06690112	0.03459835	0.03148062	0.02045811	0.01172518	0.006460562	0.001384744	0.001018653	0.0008077779	0.0007267392	0.0007106313	0.0006900838	0.0006451741	0.0002859955	9.561636e-05	7.019318e-05	5.290439e-05	4.774253e-05	4.394645e-05	4.055951e-05	3.796657e-05
63	0.20562	0.08293926	0.06627091	0.04849727	0.04499014	0.03525434	0.03315797	0.02383032	0.02327103	0.01496933	0.01386019	0.005617518	0.001563616	0.001559991	0.0002244888	0.0001792087	0.0001788437	0.0001803505	0.0001542854	0.0001224921	0.0001114164	3.318181e-05	2.910958e-05	1.753594e-05	1.609552e-05	1.524263e-05	1.54111e-05	1.553357e-05
64	0.2220695	0.03654192	0.02959084	0.02712764	0.02597143	0.0248999	0.01982136	0.01847403	0.01190829	0.01150543	0.008414664	0.007562243	0.002249076	0.0009249152	0.0009293119	8.537838e-05	5.061193e-05	5.026092e-05	5.044461e-05	3.634623e-05	2.279592e-05	1.856809e-05	7.31494e-06	5.912815e-06	5.627027e-06	4.810736e-06	4.781843e-06	4.809111e-06
65	0.1846062	0.05837809	0.03222957	0.02701061	0.02630584	0.02532919	0.02429863	0.01933347	0.01800605	0.01149565	0.01109701	0.008123419	0.007464458	0.002222996	0.0009104348	0.0009202244	8.16866e-05	4.718262e-05	4.680093e-05	4.693293e-05	3.291792e-05	1.940294e-05	1.514574e-05	6.364517e-06	5.053138e-06	4.774425e-06	4.688307e-06	4.662118e-06
66	0.4209106	0.1797334	0.05719629	0.03163303	0.02653757	0.02590046	0.02493201	0.02392871	0.01904904	0.01773286	0.01126587	0.0108702	0.007985081	0.007327247	0.002166887	0.0008875486	0.0008969888	8.089421e-05	4.688185e-05	4.654428e-05	4.668817e-05	3.267081e-05	1.915138e-05	1.488964e-05	6.228053e-06	4.926956e-06	4.652074e-06	4.565778e-06
67	0.6515228	0.416395	0.178086	0.05625852	0.03092724	0.02621146	0.02560788	0.02464228	0.02365054	0.01882654	0.01751442	0.01106568	0.01067092	0.007947394	0.007291097	0.002148918	0.0008775235	0.0008867992	7.975003e-05	4.593017e-05	4.564046e-05	4.577323e-05	3.173686e-05	1.819701e-05	1.391351e-05	5.271015e-06	4.871829e-06	4.598139e-06
68	0.3720483	0.3593518	0.287104	0.1459982	0.04060259	0.02200495	0.01966175	0.01925003	0.01838676	0.01782201	0.0144572	0.01336249	0.007801279	0.00745463	0.005869252	0.005780122	0.001642652	0.0007009939	0.0007096194	6.853102e-05	4.227095e-05	4.203405e-05	4.220832e-05	2.813119e-05	1.451768e-05	1.016538e-05	3.747034e-06	3.44826e-06
69	0.2197481	0.2181395	0.2156692	0.1677749	0.06020058	0.01879837	0.01415105	0.01283284	0.01261808	0.01247419	0.01199799	0.008833111	0.008564025	0.003088751	0.003034263	0.001867125	0.001823448	0.001521332	0.0006091054	0.0006161744	6.584704e-05	4.147032e-05	4.124264e-05	4.145816e-05	2.737455e-05	1.375278e-05	9.386994e-06	3.253563e-06
70	0.09169502	0.09037802	0.09001138	0.08966684	0.06212014	0.03399181	0.006003437	0.004116301	0.003542318	0.003421343	0.003334995	0.00308214	0.002105106	0.001942896	0.001511328	0.001482847	0.000707375	0.0006779935	0.0004687573	0.0003504631	0.0003528662	5.846392e-05	3.903319e-05	3.905191e-05	3.963727e-05	2.553774e-05	1.187796e-05	7.491482e-06
71	0.06492903	0.05518137	0.05429254	0.05414479	0.05401096	0.03725086	0.02044766	0.003366781	0.002474095	0.002137524	0.002070961	0.002020531	0.00186654	0.001273716	0.001175374	0.0008950682	0.0008781683	0.0004043559	0.00038521	0.0002502469	0.0001756081	0.0001771345	3.555151e-05	1.830225e-05	1.817633e-05	1.84247e-05	1.408516e-05	7.58616e-06
72	0.2194606	0.05554168	0.04605246	0.04522526	0.04515018	0.04506052	0.03087551	0.01609927	0.002849538	0.002138591	0.00184751	0.001789435	0.001746679	0.00160702	0.001105644	0.001022569	0.0007814139	0.0007673047	0.0003550987	0.0003394323	0.0002160903	0.0001525437	0.0001540952	2.669246e-05	9.267931e-06	8.990399e-06	9.05537e-06	9.226599e-06
73	0.1516524	0.127751	0.04843382	0.03976501	0.03904894	0.03899721	0.03893861	0.02676219	0.01358994	0.002458474	0.001880349	0.001616121	0.001563354	0.001526244	0.001415849	0.0009854345	0.000914234	0.0007010877	0.0006890146	0.0003146303	0.0003014445	0.0001855859	0.000128714	0.0001302258	7.460884e-06	4.963684e-06	4.615377e-06	4.592638e-06
74	0.1579142	0.1320072	0.1135154	0.04150729	0.03283994	0.03242606	0.03239181	0.03235454	0.02327939	0.01169824	0.002089868	0.001590308	0.001353501	0.00130645	0.001277141	0.001178995	0.0008587239	0.0008059447	0.0006206019	0.0006116075	0.0002846117	0.0002746481	0.0001687448	0.0001193392	0.0001213845	5.555145e-06	3.192069e-06	2.848966e-06
75	0.4044866	0.1364669	0.1114733	0.09724526	0.03206886	0.02353976	0.02323751	0.02320585	0.02317806	0.01659436	0.00816564	0.001506595	0.001156221	0.001009712	0.0009727164	0.0009511016	0.0008781328	0.0006430584	0.0006043464	0.0004639203	0.0004572986	0.0002236296	0.00021662	0.0001281664	8.92688e-05	9.085674e-05	3.751433e-06	1.939641e-06
76	0.8467699	0.3234644	0.05017908	0.02542859	0.01866882	0.00928068	0.009040505	0.00886552	0.008837216	0.008825286	0.006378957	0.002827155	0.0006320828	0.0005041543	0.0004421621	0.0004198479	0.0004107186	0.0003746419	0.000286013	0.0002715368	0.0001982746	0.0001957287	9.399139e-05	9.097388e-05	7.16398e-05	4.818169e-05	4.909736e-05	1.877912e-06
77	0.9244896	0.8562948	0.3211733	0.04178309	0.01705039	0.01345719	0.006819844	0.006665492	0.006633445	0.006605058	0.006594728	0.00465815	0.001803607	0.0004975536	0.0004079159	0.0003609411	0.0003410034	0.000333661	0.0003032189	0.0002328687	0.0002213972	0.0001568189	0.0001547803	7.866134e-05	7.650796e-05	6.013841e-05	3.93836e-05	4.016205e-05
78	0.9168244	0.9146323	0.8728054	0.325363	0.0395664	0.01432872	0.0111819	0.005378913	0.005263712	0.005236853	0.005213625	0.005205406	0.003507381	0.0009933493	0.0004304208	0.0003586163	0.0003177057	0.0002991898	0.0002928159	0.0002659962	0.0002042692	0.0001942012	0.0001367686	0.0001349795	6.823603e-05	6.73752e-05	5.298835e-05	3.451562e-05
79	0.9291338	0.914668	0.9128899	0.8900518	0.3307637	0.0383049	0.01251906	0.009770637	0.004689221	0.004608829	0.004586255	0.004581423	0.004575662	0.003081197	0.0008668763	0.0003748959	0.00031672	0.0002806798	0.0002633061	0.0002577654	0.0002342071	0.0001798726	0.0001710125	0.0001204096	0.0001188345	6.020309e-05	5.942402e-05	4.67203e-05
80	0.4126697	0.3629881	0.3522666	0.3509222	0.3350953	0.3347987	0.03566193	0.009305123	0.00725485	0.003472459	0.003413336	0.003397229	0.003395734	0.003392113	0.002288621	0.0006450556	0.0002795751	0.0002368801	0.0002101446	0.0001943764	0.0001902734	0.0001730176	0.0001329817	0.0001264431	8.896685e-05	8.780589e-05	4.487713e-05	4.422762e-05
81	0.08555836	0.07636128	0.05171333	0.04489763	0.04398278	0.03328104	0.03324242	0.03316279	0.006197399	0.004858363	0.002309254	0.002270091	0.002259692	0.002259063	0.002256736	0.001532029	0.0004340452	0.0001891038	0.0001605441	0.0001426662	0.0001283757	0.0001256502	0.0001143996	8.820151e-05	8.390916e-05	5.89622e-05	5.820026e-05	3.026057e-05
82	0.0252082	0.02382127	0.02167852	0.01181353	0.008402742	0.007997722	0.003146002	0.003127438	0.003088578	0.003048105	0.002389282	0.001145915	0.001126433	0.001121405	0.001121073	0.001119904	0.0007680697	0.0002123256	8.797069e-05	7.349519e-05	6.439492e-05	6.263936e-05	6.126933e-05	5.601334e-05	4.3387e-05	4.130266e-05	2.886415e-05	2.849241e-05
83	0.02216142	0.0170923	0.01633654	0.01491604	0.008046845	0.00564304	0.005362376	0.002083141	0.002070846	0.002046232	0.002018782	0.001613076	0.0007678698	0.0007546663	0.0007512988	0.0007511044	0.000750374	0.000521751	0.0001435307	5.846923e-05	4.85759e-05	4.234466e-05	4.115348e-05	4.027834e-05	3.700022e-05	2.878346e-05	2.742839e-05	1.909102e-05
84	0.003335439	0.002342097	0.001927332	0.001907798	0.001768121	0.0009287745	0.0006451101	0.0006097686	0.0002304856	0.0002290425	0.0002265353	0.0002234123	0.0001738669	8.400146e-05	8.249323e-05	8.215945e-05	8.213699e-05	8.204942e-05	5.406783e-05	1.581523e-05	6.278915e-06	5.172614e-06	4.43496e-06	4.296227e-06	4.192953e-06	3.812333e-06	2.801018e-06	2.634473e-06
85	0.0006413466	4.435178e-05	1.943505e-05	9.728831e-06	9.383525e-06	8.127215e-06	4.661127e-06	3.335908e-06	3.136925e-06	1.447065e-06	1.439323e-06	1.392116e-06	1.365423e-06	1.107511e-06	5.113272e-07	4.968248e-07	4.92751e-07	4.926177e-07	4.915645e-07	3.687202e-07	2.156812e-07	1.726056e-07	1.677849e-07	1.64851e-07	1.643066e-07	1.63805e-07	1.614914e-07	1.474624e-07
86	0.03316897	0.0001182588	6.16122e-06	3.263276e-06	2.128339e-06	2.083242e-06	1.740271e-06	1.548624e-06	1.154313e-06	1.086895e-06	4.534331e-07	4.508579e-07	4.43275e-07	4.369833e-07	3.286834e-07	1.502591e-07	1.471215e-07	1.463138e-07	1.462595e-07	1.455453e-07	9.130818e-08	3.226305e-08	1.260853e-08	1.038871e-08	9.273227e-09	9.06027e-09	8.804881e-09	8.196179e-09
87	0.04227597	0.01445105	6.504643e-05	1.860823e-06	7.854576e-07	5.241463e-07	5.10568e-07	4.101807e-07	3.491693e-07	3.237601e-07	3.177891e-07	1.390952e-07	1.383686e-07	1.370372e-07	1.349966e-07	1.022815e-07	4.159472e-08	4.062914e-08	4.027948e-08	4.025651e-08	3.963427e-08	2.142226e-08	1.12062e-08	3.696436e-09	2.830519e-09	2.653977e-09	2.617225e-09	2.571386e-09
88	0.9554856	0.03882134	0.01274539	5.927027e-05	1.475965e-06	5.7983e-07	4.045155e-07	3.937232e-07	3.133147e-07	2.639159e-07	2.437782e-07	2.417184e-07	1.136714e-07	1.130924e-07	1.120961e-07	1.104655e-07	8.311125e-08	3.249205e-08	3.174807e-08	3.157518e-08	3.155362e-08	3.092227e-08	1.543959e-08	9.446298e-09	2.807797e-09	2.0435e-09	1.923992e-09	1.902269e-09
89	0.4057979	0.4022377	0.01873514	0.008514388	1.960823e-05	8.394566e-07	3.911538e-07	2.981992e-07	2.906852e-07	2.219946e-07	1.879198e-07	1.7308e-07	1.716252e-07	7.747853e-08	7.706693e-08	7.648915e-08	7.563781e-08	5.705928e-08	2.218342e-08	2.166268e-08	2.155048e-08	2.153912e-08	2.15095e-08	1.09153e-08	6.619994e-09	1.572113e-09	1.25589e-09	1.179117e-09
90	0.1762745	0.1664671	0.16577	0.01300123	0.006433917	1.422227e-05	4.792999e-07	2.50185e-07	1.996732e-07	1.945992e-07	1.379485e-07	1.144351e-07	1.039828e-07	1.030604e-07	4.283024e-08	4.255794e-08	4.22319e-08	4.170622e-08	3.236779e-08	1.243316e-08	1.21092e-08	1.204946e-08	1.20465e-08	1.203215e-08	6.729265e-09	4.175959e-09	7.68234e-10	5.723074e-10
91	0.009639684	0.008461373	0.007973559	0.007724941	0.0006469161	0.0003243214	8.146469e-07	8.668319e-08	5.386608e-08	4.763691e-08	4.702274e-08	4.337248e-08	3.966399e-08	3.808998e-08	3.798326e-08	1.058755e-08	1.048585e-08	1.042227e-08	1.019205e-08	9.759049e-09	2.462375e-09	2.313098e-09	2.295169e-09	2.294283e-09	2.292674e-09	2.042691e-09	1.917166e-09	1.211161e-10
92	0.004192744	0.001035667	0.0009077069	0.0008549259	0.0008273832	6.965481e-05	3.495253e-05	9.744908e-08	1.478298e-08	7.048948e-09	5.836063e-09	5.777393e-09	5.3298e-09	4.730099e-09	4.497423e-09	4.478672e-09	4.209765e-10	4.021626e-10	3.927896e-10	3.679937e-10	3.216778e-10	2.661284e-10	2.499625e-10	2.485659e-10	2.484652e-10	2.482846e-10	2.214925e-10	2.114034e-10
93	0.005214661	0.0001149031	4.074335e-05	3.09303e-05	2.771554e-05	2.688312e-05	2.243982e-06	1.125001e-06	1.537102e-08	8.073984e-09	1.020255e-09	3.017055e-10	2.902721e-10	2.186245e-10	1.266928e-10	1.142899e-10	1.131161e-10	2.448664e-11	1.688874e-11	1.392571e-11	1.289665e-11	1.091731e-11	8.137173e-12	7.783045e-12	7.754232e-12	7.752695e-12	7.748698e-12	6.629212e-12
94	0.1992148	0.001045245	7.850173e-05	2.540859e-05	2.379642e-05	2.169637e-05	2.107472e-05	1.771877e-06	8.887118e-07	1.472495e-08	8.001287e-09	7.812841e-10	9.916926e-11	9.498909e-11	8.336309e-11	7.686003e-11	6.651353e-11	6.538078e-11	2.224437e-11	1.447594e-11	1.145668e-11	1.056952e-11	8.875106e-12	6.467322e-12	6.207226e-12	6.189984e-12	6.188868e-12	6.185743e-12
95	0.6717486	0.1609335	0.0008497743	6.5615e-05	2.153919e-05	2.018108e-05	1.929698e-05	1.875487e-05	1.578877e-06	7.91992e-07	1.496309e-08	8.271318e-09	7.830546e-10	7.717604e-11	7.311356e-11	6.362496e-11	5.85557e-11	5.604491e-11	5.491039e-11	2.15495e-11	1.351643e-11	1.040183e-11	9.572944e-12	7.989321e-12	5.713532e-12	5.498533e-12	5.488845e-12	5.487831e-12
96	0.8671971	0.6406519	0.1428317	0.0006795519	5.283933e-05	1.859289e-05	1.741652e-05	1.665904e-05	1.626377e-05	1.372174e-06	6.889212e-07	1.52288e-08	8.577112e-09	7.929728e-10	6.100024e-11	5.691185e-11	4.859425e-11	4.460244e-11	4.257586e-11	4.199584e-11	2.077708e-11	1.247501e-11	9.263903e-12	8.499701e-12	7.036051e-12	4.887727e-12	4.725049e-12	4.717189e-12
97	0.9388371	0.8583544	0.6242276	0.1274812	0.0006242645	4.24715e-05	1.576706e-05	1.473718e-05	1.412758e-05	1.380994e-05	1.167531e-06	5.865097e-07	1.556726e-08	8.922112e-09	8.186311e-10	5.717172e-11	5.302768e-11	4.573498e-11	4.233048e-11	4.084435e-11	4.026532e-11	2.026673e-11	1.162708e-11	8.292102e-12	7.585511e-12	6.236622e-12	4.126688e-12	3.988191e-12
98	0.6961245	0.6947197	0.6240048	0.608235	0.1133052	0.0005161994	3.130215e-05	1.286399e-05	1.196043e-05	1.145106e-05	1.121919e-05	9.523979e-07	4.795369e-07	1.592791e-08	9.292477e-09	8.399802e-10	4.637192e-11	4.214207e-11	3.575261e-11	3.26298e-11	3.131463e-11	3.074269e-11	1.07761e-11	1.069769e-11	7.231982e-12	6.588238e-12	5.365066e-12	3.297434e-12
99	0.6520387	0.6355335	0.6343134	0.5721386	0.559234	0.08586478	0.0003819422	7.661358e-06	5.843329e-06	5.233937e-06	4.934816e-06	4.880041e-06	4.194812e-07	2.140946e-07	1.598608e-08	9.694519e-09	8.648766e-10	3.675423e-11	3.25218e-11	2.842046e-11	2.601945e-11	2.507319e-11	2.454385e-11	4.640056e-12	4.568849e-12	4.486638e-12	3.991849e-12	3.055012e-12
100	0.1388943	0.1323312	0.1287832	0.1285383	0.1129423	0.1102842	0.03931822	0.0001205159	3.016762e-06	2.447705e-06	2.144089e-06	2.054049e-06	2.048647e-06	1.865104e-07	1.012387e-07	1.604341e-08	1.01413e-08	8.978675e-10	3.210272e-11	2.779834e-11	2.468736e-11	2.272956e-11	2.201744e-11	2.157725e-11	2.763673e-12	2.697541e-12	2.653643e-12	2.642088e-12
101	0.3592516	0.08683404	0.08286235	0.08094336	0.08083171	0.07072534	0.06872007	0.0276498	8.804463e-05	2.153412e-06	1.731329e-06	1.464505e-06	1.397027e-06	1.392998e-06	1.267687e-07	6.87261e-08	1.076468e-08	1.064127e-08	9.368973e-10	2.872404e-11	2.425538e-11	2.13548e-11	1.961445e-11	1.900071e-11	1.896509e-11	2.306196e-12	2.249647e-12	2.213248e-12
102	0.3158938	0.3008157	0.0653946	0.06188148	0.06027392	0.06018931	0.05269824	0.05094171	0.02012064	6.688385e-05	1.101318e-06	7.758307e-07	5.360463e-07	4.890359e-07	4.860974e-07	4.182373e-08	2.133273e-08	9.759584e-10	9.317165e-10	9.272685e-10	2.738908e-11	2.276565e-11	2.001621e-11	1.840914e-11	1.786523e-11	1.783748e-11	1.612194e-12	1.556759e-12
103	0.5439822	0.2863906	0.2785421	0.05400826	0.05100685	0.04961055	0.04954132	0.04340374	0.04172459	0.01668472	5.793034e-05	8.996197e-07	6.162248e-07	3.85208e-07	3.472936e-07	3.448341e-07	2.92019e-08	1.455374e-08	6.765891e-11	3.583919e-11	3.207376e-11	2.772699e-11	2.302194e-11	2.029779e-11	1.868667e-11	1.815112e-11	1.812618e-11	1.568791e-12
104	0.9361853	0.5102731	0.272173	0.2641625	0.04760931	0.04471604	0.04339506	0.04333279	0.03811593	0.03646067	0.01451663	5.278551e-05	8.556841e-07	5.983503e-07	3.670064e-07	3.31966e-07	3.298526e-07	2.794391e-08	1.391405e-08	6.253026e-11	3.213312e-11	2.839858e-11	2.413291e-11	2.388921e-11	2.110944e-11	1.945739e-11	1.890397e-11	1.888105e-11
105	0.983896	0.923537	0.4921931	0.258831	0.2506318	0.0410563	0.03822466	0.03697292	0.03691797	0.03271073	0.03107665	0.01211496	4.721797e-05	8.170267e-07	5.854711e-07	3.530616e-07	3.209695e-07	3.190689e-07	2.704074e-08	1.344911e-08	6.144296e-11	3.204729e-11	2.831352e-11	2.41494e-11	2.391396e-11	2.204409e-11	2.034638e-11	1.97713e-11
106	0.9163321	0.9000375	0.8394297	0.4095373	0.2394973	0.236855	0.03278099	0.030067	0.02892519	0.02888062	0.0259378	0.02435818	0.009093675	3.958921e-05	5.590074e-07	3.632537e-07	3.232151e-07	2.953746e-07	2.937712e-07	2.491277e-08	1.236633e-08	5.910146e-11	3.20366e-11	2.882297e-11	2.477395e-11	2.454255e-11	2.26945e-11	2.117904e-11
107	0.6037847	0.585027	0.5701315	0.5227128	0.3047556	0.2109462	0.2093468	0.02231815	0.01984296	0.01893761	0.01890736	0.01710937	0.01567376	0.00638599	1.935786e-05	4.105686e-07	2.524885e-07	2.236067e-07	2.082281e-07	2.069221e-07	1.760597e-08	8.620818e-09	4.564823e-11	2.618686e-11	2.581758e-11	2.238708e-11	2.21884e-11	2.051386e-11
108	0.5752999	0.5032803	0.4862181	0.4714501	0.4404227	0.2251854	0.1840536	0.1828286	0.01573208	0.0133398	0.01251468	0.01249575	0.01149827	0.01010278	0.00392594	1.167416e-05	2.506921e-07	1.776192e-07	1.583697e-07	1.48203e-07	1.476399e-07	1.261618e-08	6.106086e-09	3.880423e-11	2.552946e-11	2.525858e-11	2.243088e-11	2.225357e-11
109	0.9371727	0.5574695	0.4903627	0.4720966	0.4564986	0.4242894	0.1973381	0.1604331	0.1595707	0.01216636	0.009816367	0.009008748	0.008993001	0.008341771	0.006934644	0.002497246	7.697348e-06	1.69749e-07	1.150377e-07	1.02456e-07	9.552205e-08	9.510994e-08	8.210346e-09	3.870764e-09	3.369426e-11	2.510207e-11	2.490088e-11	2.268271e-11
110	0.9931995	0.9472839	0.5463459	0.4739667	0.4543225	0.4378492	0.4042726	0.1584948	0.1216471	0.1210528	0.009827008	0.007494939	0.006679952	0.006664374	0.00605635	0.004634184	0.001504866	5.562543e-06	1.572638e-07	1.130603e-07	1.035132e-07	9.764201e-08	9.730896e-08	8.39755e-09	3.932564e-09	3.314787e-11	2.441481e-11	2.422725e-11
111	0.5274653	0.5266106	0.5079685	0.254743	0.250149	0.2495924	0.2447928	0.232266	0.08398942	0.07118096	0.07082819	0.006727431	0.004482892	0.003713346	0.003701223	0.003354443	0.001936942	0.000769276	2.912276e-06	1.282639e-07	9.502792e-08	8.844228e-08	8.441071e-08	8.417301e-08	6.957513e-09	3.53922e-09	3.086452e-11	2.334596e-11
112	0.3758821	0.3214072	0.32093	0.3192832	0.193497	0.1922907	0.1920583	0.187306	0.1751796	0.01753978	0.006374352	0.006144928	0.006065085	0.003913716	0.003149936	0.003138084	0.00283775	0.001418469	0.0005557634	1.788212e-06	7.199695e-08	4.373445e-08	3.961586e-08	3.747774e-08	3.728209e-08	3.350328e-09	1.763924e-09	2.542117e-11
113	0.07109767	0.06863128	0.06737667	0.06719687	0.06671295	0.01564376	0.01524832	0.01516281	0.01338627	0.008847167	0.007218628	0.001794193	0.001698952	0.001664122	0.001532415	0.001250345	0.001245814	0.001124247	0.0005900855	0.0002366958	7.57779e-07	3.024052e-08	1.917775e-08	1.738295e-08	1.645357e-08	1.637025e-08	1.455813e-09	7.607666e-10
114	0.02764967	0.01168928	0.0107842	0.01064579	0.01063017	0.01055886	0.001971043	0.001914466	0.001910124	0.0018683	0.00175133	0.001516251	0.0001987185	0.0001748266	0.0001648585	0.0001616105	0.0001586725	0.0001583884	0.0001383903	0.000120237	5.638647e-05	1.851793e-07	6.478211e-09	5.31177e-09	4.822082e-09	4.570434e-09	4.556061e-09	3.832837e-10
115	0.6863885	0.03053387	0.01282846	0.01179289	0.01165962	0.01164359	0.01156501	0.002126659	0.002064701	0.002060711	0.002035118	0.00195782	0.001702518	0.0002114446	0.0001879549	0.000176677	0.00017305	0.0001703139	0.0001700396	0.0001480809	0.0001338137	6.32896e-05	2.081093e-07	7.22816e-09	6.00046e-09	5.44826e-09	5.166216e-09	5.150305e-09
116	0.5869347	0.5832923	0.03487855	0.01441311	0.01361578	0.01353827	0.01353016	0.01346074	0.002346365	0.002283731	0.002280323	0.002277259	0.00225479	0.001968081	0.0002284683	0.0002019532	0.0001892376	0.0001850255	0.0001818395	0.0001815757	0.0001560053	0.000147085	6.606956e-05	2.419074e-07	8.079212e-09	6.755968e-09	6.317745e-09	5.990277e-09
117	0.6690882	0.4799352	0.4786671	0.0170709	0.007660559	0.007186245	0.007119796	0.007113914	0.00705503	0.002765429	0.002700064	0.002697608	0.002694814	0.002677802	0.002370552	0.0002593137	0.0002283109	0.0002144002	0.0002095115	0.0002058201	0.0002055122	0.0001752665	0.0001728658	7.762203e-05	2.648491e-07	8.076276e-09	6.694203e-09	6.226667e-09
118	0.8540152	0.5632477	0.3519904	0.3503692	0.02033351	0.0094062	0.009101712	0.009018954	0.009011435	0.008936071	0.003483093	0.003406058	0.003402884	0.003399262	0.003377188	0.002983158	0.0003345907	0.0002943259	0.0002762974	0.0002699445	0.0002651495	0.0002647496	0.0002254945	0.0002223786	0.000100486	3.422724e-07	1.022557e-08	8.621457e-09
119	0.9612141	0.7849173	0.3707628	0.06416763	0.06182266	0.02889202	0.01351592	0.01307195	0.01295496	0.01294402	0.01283434	0.005084083	0.00497167	0.004967041	0.004961754	0.004929578	0.004355269	0.0004868872	0.0004283682	0.0004021147	0.0003928592	0.0003858703	0.0003852871	0.000328099	0.0003235585	0.0001459929	4.981575e-07	1.481853e-08
120	0.990179	0.9585012	0.9097929	0.4190447	0.05431452	0.05152383	0.01135616	0.009953353	0.009419001	0.009301716	0.009288705	0.009158154	0.006202255	0.006065929	0.006060336	0.006053903	0.006014631	0.00531338	0.0005815476	0.0005101852	0.0004788995	0.0004676024	0.0004590701	0.0004583575	0.0003885932	0.0003830502	0.0001664599	5.793935e-07
