#unpaired probabilities
 #i$	l=1	2	3	4	5	6	7	8	9	10	11	12	13	14	15	16	17	18	19	20	21	22	23	24	25	26	27	28	
1	0.7831394	NA	NA	NA	NA	NA	NA	NA	NA	NA	NA	NA	NA	NA	NA	NA	NA	NA	NA	NA	NA	NA	NA	NA	NA	NA	NA	NA
2	0.103445	0.07964272	NA	NA	NA	NA	NA	NA	NA	NA	NA	NA	NA	NA	NA	NA	NA	NA	NA	NA	NA	NA	NA	NA	NA	NA	NA	NA
3	0.3724541	0.09509862	0.07275728	NA	NA	NA	NA	NA	NA	NA	NA	NA	NA	NA	NA	NA	NA	NA	NA	NA	NA	NA	NA	NA	NA	NA	NA	NA
4	0.5709324	0.342738	0.08652642	0.06573407	NA	NA	NA	NA	NA	NA	NA	NA	NA	NA	NA	NA	NA	NA	NA	NA	NA	NA	NA	NA	NA	NA	NA	NA
5	0.08618983	0.05210428	0.0301348	0.006687853	0.005008259	NA	NA	NA	NA	NA	NA	NA	NA	NA	NA	NA	NA	NA	NA	NA	NA	NA	NA	NA	NA	NA	NA	NA
6	0.4199066	0.07203964	0.04846884	0.02919696	0.006453341	0.004829782	NA	NA	NA	NA	NA	NA	NA	NA	NA	NA	NA	NA	NA	NA	NA	NA	NA	NA	NA	NA	NA	NA
7	0.4644335	0.3643829	0.06015831	0.04511476	0.02764704	0.006091417	0.004543052	NA	NA	NA	NA	NA	NA	NA	NA	NA	NA	NA	NA	NA	NA	NA	NA	NA	NA	NA	NA	NA
8	0.5750026	0.4576595	0.3612274	0.05933727	0.0446972	0.02740336	0.006032308	0.004496363	NA	NA	NA	NA	NA	NA	NA	NA	NA	NA	NA	NA	NA	NA	NA	NA	NA	NA	NA	NA
9	0.5330633	0.4848111	0.3864584	0.2994549	0.05056146	0.03688068	0.02426868	0.005364992	0.004302764	NA	NA	NA	NA	NA	NA	NA	NA	NA	NA	NA	NA	NA	NA	NA	NA	NA	NA	NA
10	0.5785161	0.4994602	0.4565921	0.3630432	0.2835485	0.04397679	0.03456095	0.02289093	0.005020198	0.004015161	NA	NA	NA	NA	NA	NA	NA	NA	NA	NA	NA	NA	NA	NA	NA	NA	NA	NA
11	0.3160984	0.258629	0.199879	0.1759384	0.1341808	0.09650349	0.0199827	0.01541084	0.009997633	0.002414788	0.001959407	NA	NA	NA	NA	NA	NA	NA	NA	NA	NA	NA	NA	NA	NA	NA	NA	NA
12	0.5763355	0.2410775	0.1852016	0.1267312	0.1063783	0.08189827	0.05382597	0.01459986	0.01102606	0.007072256	0.001773133	0.001438936	NA	NA	NA	NA	NA	NA	NA	NA	NA	NA	NA	NA	NA	NA	NA	NA
13	0.6617071	0.5677846	0.2339267	0.178288	0.1202259	0.1005433	0.07695022	0.05153918	0.01403131	0.01059287	0.006782963	0.001713464	0.001391864	NA	NA	NA	NA	NA	NA	NA	NA	NA	NA	NA	NA	NA	NA	NA
14	0.5913248	0.5622913	0.5172295	0.2032179	0.1580647	0.1071289	0.08918092	0.06782493	0.04471868	0.01133128	0.009461239	0.006116096	0.001550807	0.001274338	NA	NA	NA	NA	NA	NA	NA	NA	NA	NA	NA	NA	NA	NA
15	0.5999951	0.5602463	0.5308254	0.4935982	0.1844592	0.1458977	0.1031238	0.08582289	0.06522584	0.04294371	0.01086791	0.009114499	0.005894033	0.00149499	0.001229018	NA	NA	NA	NA	NA	NA	NA	NA	NA	NA	NA	NA	NA
16	0.8978654	0.5983128	0.558544	0.5290199	0.4918098	0.1832434	0.1448819	0.1021891	0.08506113	0.06471878	0.04261225	0.01078125	0.009042898	0.005845669	0.001485392	0.00122147	NA	NA	NA	NA	NA	NA	NA	NA	NA	NA	NA	NA
17	0.9194801	0.8389198	0.5886334	0.5494344	0.5194148	0.4818124	0.182298	0.1441574	0.1016009	0.08457703	0.06437633	0.04239029	0.01072749	0.0089988	0.005816385	0.001478858	0.001216277	NA	NA	NA	NA	NA	NA	NA	NA	NA	NA	NA
18	0.8811514	0.8465577	0.8095462	0.5722179	0.5357307	0.5051727	0.4680994	0.1790201	0.1412302	0.09881504	0.08221064	0.06257802	0.04118542	0.01041525	0.008731729	0.005643892	0.001428255	0.001173853	NA	NA	NA	NA	NA	NA	NA	NA	NA	NA
19	0.8917183	0.8650346	0.8300501	0.7923239	0.5649601	0.5317248	0.5008951	0.4636704	0.1775302	0.1401466	0.09783445	0.0813948	0.0619956	0.04080562	0.01031901	0.008652344	0.005590364	0.001417575	0.001165451	NA	NA	NA	NA	NA	NA	NA	NA	NA
20	0.8985217	0.8718714	0.8463914	0.8125339	0.774014	0.5508814	0.5173769	0.485557	0.4472152	0.1767841	0.1395346	0.09736558	0.08100642	0.06171454	0.04062874	0.01028073	0.008621041	0.005569228	0.001413042	0.001161843	NA	NA	NA	NA	NA	NA	NA	NA
21	0.6170027	0.5231131	0.4866894	0.4665062	0.4415272	0.4221289	0.2650813	0.2526844	0.2474208	0.2012187	0.1699999	0.133411	0.09172304	0.07608194	0.05788514	0.03787052	0.009734349	0.008163396	0.005260206	0.00132538	0.001086659	NA	NA	NA	NA	NA	NA	NA
22	0.5995002	0.5486576	0.4867879	0.460987	0.4423698	0.419335	0.3988835	0.2534383	0.2406358	0.2347851	0.1885664	0.1578563	0.1294194	0.08891459	0.07410202	0.05640736	0.03691971	0.009505469	0.007977285	0.005134417	0.001300077	0.001066711	NA	NA	NA	NA	NA	NA
23	0.5391197	0.3415695	0.3258941	0.2991522	0.2824414	0.2752207	0.2486737	0.2231744	0.1528612	0.1470748	0.1477395	0.13232	0.1175712	0.09725066	0.06880158	0.05730456	0.04357421	0.02850091	0.007402555	0.006162535	0.00407822	0.001058802	0.0008687767	NA	NA	NA	NA	NA
24	0.351626	0.3188501	0.2702537	0.2578742	0.2398155	0.2278817	0.222595	0.1993573	0.195669	0.1371614	0.1315798	0.1316076	0.1188565	0.1048971	0.08528325	0.05777787	0.04812663	0.03650428	0.0238179	0.006133952	0.005096392	0.003347488	0.0008286218	0.0006628122	NA	NA	NA	NA
25	0.447509	0.2867332	0.2533945	0.2279204	0.2242396	0.2179159	0.2161457	0.212483	0.1908903	0.1873312	0.1329676	0.1276672	0.1280105	0.1154488	0.1016584	0.08228157	0.05509524	0.04585189	0.03478707	0.02269322	0.005836857	0.004847382	0.003171296	0.0007737781	0.0006139536	NA	NA	NA
26	0.2639601	0.1782459	0.1228944	0.09144413	0.08309865	0.08112247	0.0782084	0.07630482	0.07342529	0.06780902	0.06503533	0.05703625	0.0520511	0.05254076	0.04672434	0.04128117	0.03368172	0.02343578	0.01973556	0.01511242	0.009934865	0.002655107	0.002173264	0.001474129	0.0003783822	0.0002881447	NA	NA
27	0.4934743	0.2183505	0.1513584	0.103	0.07153099	0.06403833	0.0628067	0.05972527	0.05746933	0.05508614	0.04885167	0.04520477	0.03676748	0.03117591	0.03101541	0.02833636	0.0270872	0.0255463	0.0232803	0.01960435	0.01501121	0.009866743	0.002634261	0.002160618	0.001465499	0.000376317	0.0002864177	NA
28	0.4891922	0.217269	0.1515692	0.09621394	0.06312746	0.05577964	0.05266842	0.05330355	0.05278506	0.05275735	0.05090343	0.0449501	0.04127715	0.03302311	0.02728628	0.02692803	0.02456733	0.02341262	0.02199434	0.01984658	0.01676276	0.01283614	0.008428576	0.002238469	0.001824639	0.001233222	0.0003010539	0.0002185925
29	0.4372471	0.3278563	0.1299846	0.1098077	0.06345256	0.04266576	0.04155217	0.04061832	0.0415363	0.04163572	0.04307799	0.04096244	0.03486074	0.03075147	0.02291124	0.0167316	0.01579454	0.01433218	0.01341208	0.01217508	0.01031444	0.008671918	0.006619824	0.004323339	0.001118933	0.0008799846	0.0005916701	0.0001211375
30	0.3989595	0.383777	0.2783603	0.10499	0.09584752	0.0555901	0.03657262	0.03644499	0.03595146	0.03684137	0.03773468	0.03923622	0.03700302	0.03086213	0.02658579	0.01887344	0.01249225	0.01130577	0.01012296	0.009263686	0.008103538	0.006359639	0.00531603	0.00403934	0.002626436	0.0006714625	0.0005103629	0.0003418954
31	0.4127861	0.3850329	0.3734735	0.2689825	0.1009696	0.09262266	0.05344414	0.03536816	0.03542579	0.03502767	0.03591419	0.03688255	0.0383934	0.03612752	0.02996635	0.02564775	0.01795321	0.01158707	0.01034695	0.009222179	0.00837448	0.007228962	0.005512476	0.00459718	0.003487194	0.002264903	0.0005765351	0.0004320003
32	0.7460554	0.1885217	0.1569969	0.1407608	0.1396865	0.0538197	0.04501662	0.04011842	0.02179578	0.02138349	0.02097528	0.02129007	0.02161717	0.02237406	0.02131747	0.01825786	0.01505696	0.01214046	0.01113012	0.009888571	0.008820696	0.008006422	0.006865754	0.005155569	0.004288664	0.003240806	0.002088695	0.000500419
33	0.7081219	0.6674442	0.1088408	0.07632472	0.05895563	0.05531938	0.0308377	0.02138239	0.01581131	0.01251836	0.01176751	0.01127578	0.01145634	0.01135469	0.01161882	0.01152638	0.01086404	0.01130143	0.009427819	0.009572872	0.00973812	0.008685178	0.007876731	0.006737929	0.005029955	0.004180636	0.003155111	0.00203171
34	0.1321578	0.1200333	0.0970144	0.06035269	0.04283526	0.03409063	0.03233112	0.0202946	0.012294	0.009734912	0.007462367	0.007258518	0.006968191	0.007115112	0.007136911	0.007327917	0.007607178	0.007875024	0.008177284	0.006339626	0.006331609	0.006306827	0.005849124	0.005116205	0.004038115	0.002405973	0.001967241	0.001470318
35	0.381545	0.1241541	0.1128344	0.09118333	0.05537876	0.03895089	0.0306726	0.02897267	0.01930667	0.01136529	0.008853543	0.006608288	0.006403437	0.006115754	0.006236266	0.006227116	0.006382464	0.006654952	0.006953532	0.007313898	0.005685235	0.005891956	0.006126995	0.005675518	0.004952759	0.003881117	0.002258137	0.001853506
36	0.4380688	0.2904848	0.1012976	0.08944025	0.0675207	0.05502524	0.0386306	0.03042842	0.02874934	0.01913206	0.01119334	0.008798999	0.006555464	0.006351316	0.006080378	0.006203943	0.006201621	0.006358745	0.006630883	0.006930382	0.007290528	0.005663023	0.00587016	0.006104816	0.005657574	0.004936203	0.003865892	0.002244287
37	0.9212755	0.4115474	0.2690273	0.08766045	0.07558671	0.06105538	0.04852182	0.03780163	0.03000012	0.02836568	0.01890045	0.01098462	0.00860392	0.006379461	0.006180456	0.005926949	0.006046004	0.006039243	0.006191764	0.006455822	0.006746265	0.007095586	0.005457622	0.005651882	0.005870682	0.005409626	0.004671111	0.003581197
38	0.9002761	0.8889939	0.3846905	0.2461526	0.08505223	0.07311251	0.05887377	0.04761435	0.03690335	0.02969676	0.02816881	0.01876182	0.01085493	0.008493381	0.006269351	0.006068555	0.005821095	0.005937058	0.005934237	0.006101148	0.006362269	0.006662677	0.007010375	0.005375109	0.005571556	0.00579321	0.005367118	0.004635724
39	0.9703961	0.897109	0.8861828	0.3837606	0.2453251	0.0847639	0.07282716	0.05864617	0.04739042	0.0368638	0.02966904	0.02814417	0.01874802	0.01084238	0.008481933	0.006259437	0.006059178	0.005812397	0.005928233	0.005925333	0.006092096	0.006352824	0.006652834	0.007000018	0.00536441	0.005560677	0.005781736	0.005355916
40	0.5753295	0.548378	0.4653115	0.4432176	0.3799341	0.243678	0.08407012	0.0721307	0.05804956	0.04678415	0.03628334	0.02907892	0.02753637	0.01812498	0.01019683	0.007811934	0.006249909	0.006049693	0.005803641	0.005919506	0.005916719	0.006083522	0.006344569	0.006645515	0.006992376	0.005356543	0.005552708	0.005773402
41	0.330803	0.3118184	0.296349	0.2549787	0.2389361	0.2084977	0.1875654	0.07246601	0.06119651	0.04721195	0.03590863	0.02541244	0.01859965	0.01701965	0.007661178	0.006313823	0.005280934	0.003663685	0.003373215	0.003223254	0.00328251	0.003163296	0.003201804	0.003346603	0.003513376	0.003714217	0.001998068	0.002099269
42	0.3207177	0.2479364	0.2295143	0.2160312	0.1928062	0.1764125	0.1517516	0.1324208	0.06782603	0.05685098	0.04398402	0.03296248	0.02275361	0.01622082	0.01467576	0.00645327	0.005114193	0.004052652	0.002391094	0.002049372	0.001863221	0.001873629	0.001704137	0.001683211	0.001747964	0.001825249	0.001923538	0.001923766
43	0.7695213	0.2457293	0.2175953	0.2072072	0.1946735	0.1743455	0.1587987	0.1413578	0.1227722	0.06314563	0.05279392	0.04065459	0.03025087	0.02070322	0.01487487	0.0135326	0.005285411	0.003922913	0.002839288	0.002183133	0.001834415	0.001661717	0.00166782	0.001494912	0.001470737	0.001526058	0.001592715	0.001678197
44	0.6551597	0.6303147	0.1784315	0.1583014	0.1533947	0.1450775	0.1299631	0.1190798	0.1076515	0.09457752	0.04485377	0.03875151	0.03118885	0.02498318	0.01960049	0.01382611	0.01247618	0.004531184	0.003819657	0.002747591	0.002090026	0.001747571	0.001594841	0.001599595	0.001426484	0.001401517	0.001453811	0.00151761
45	0.336227	0.2495795	0.2216881	0.1547664	0.1366405	0.1323255	0.1264171	0.1124214	0.1068886	0.09678763	0.08485863	0.04005388	0.03472142	0.02796465	0.02271104	0.01802685	0.01298492	0.01163411	0.003958094	0.003236337	0.002655749	0.001997373	0.00165385	0.001510449	0.001513805	0.001339329	0.001313026	0.001361438
46	0.4431984	0.3288111	0.2449243	0.2173705	0.1528433	0.1349538	0.1306998	0.1248763	0.1110945	0.1056648	0.09576235	0.0839491	0.03948536	0.03424628	0.02759158	0.02243018	0.01784469	0.0128976	0.01157574	0.003897807	0.003174075	0.0025914	0.001993895	0.001650248	0.001507075	0.00151036	0.001335829	0.001309472
47	0.3323253	0.2647548	0.2169706	0.1847082	0.1613753	0.1141039	0.10024	0.09652903	0.09204914	0.0835093	0.07864536	0.0716589	0.06305714	0.03101577	0.02631146	0.02110849	0.0165178	0.01193481	0.007312908	0.005977645	0.002774836	0.00211624	0.001639738	0.001039735	0.0006652023	0.0005703601	0.0005497407	0.0005155316
48	0.1996477	0.1261355	0.1033763	0.08810287	0.07858596	0.07391345	0.05268962	0.04599213	0.04393157	0.04159584	0.03789619	0.03548537	0.0325022	0.02862159	0.01389222	0.01161549	0.009282153	0.007058186	0.00482098	0.002568859	0.001899453	0.00134273	0.001034346	0.0008567142	0.0006151128	0.0002348879	0.0001694835	0.0001400046
49	0.1060861	0.05732781	0.0388798	0.03047073	0.02506842	0.02245978	0.02086154	0.01439134	0.0127791	0.01239753	0.01131509	0.009695133	0.009002288	0.008092164	0.00645674	0.003649441	0.003026622	0.002389284	0.001778433	0.001160731	0.0005522627	0.0003660107	0.0002591332	0.0001729252	0.0001644263	0.0001657414	0.0001649802	0.0001267989
50	0.09034076	0.05631686	0.01751385	0.01142182	0.009512071	0.00774126	0.007057683	0.006922549	0.005590146	0.004880644	0.004864044	0.004840613	0.003806006	0.003680881	0.003415109	0.002419506	0.0008183905	0.0007001056	0.0005782292	0.0004641797	0.0003464989	0.0002323474	0.0002010644	0.0001649801	0.000152919	0.0001449757	0.0001472697	0.0001483183
51	0.1331904	0.06876513	0.04479552	0.0106105	0.006473279	0.005144882	0.004737214	0.004377006	0.004374522	0.003787276	0.003309368	0.003345323	0.003378653	0.002568014	0.002536932	0.002395262	0.0015049	0.0003100059	0.0002782212	0.0002446794	0.0002153986	0.0001833651	0.000154954	0.0001497991	0.0001257025	0.000125766	0.0001270819	0.0001295541
52	0.330821	0.02082452	0.007508987	0.002811292	0.001776618	0.001469873	0.001375515	0.001291925	0.00125756	0.001245203	0.001144552	0.001130981	0.001144456	0.001158112	0.001116829	0.001114629	0.001112068	0.0002364019	8.534932e-05	7.2017e-05	5.834432e-05	4.544923e-05	3.223259e-05	1.985674e-05	1.634052e-05	1.454979e-05	1.306976e-05	1.195053e-05
53	0.09453339	0.01613618	0.008355811	0.004631934	0.002158282	0.00150643	0.001292154	0.001217032	0.001154717	0.001128414	0.001127877	0.001055612	0.001048111	0.001062098	0.001076582	0.001049861	0.001060077	0.00106047	0.0001885548	7.192606e-05	6.064167e-05	4.909214e-05	3.816433e-05	2.698771e-05	1.596211e-05	1.278945e-05	1.112889e-05	9.76214e-06
54	0.04615585	0.004599011	0.00276367	0.002044983	0.001399252	0.0008585649	0.0005721606	0.000455864	0.0003900436	0.0003221636	0.0002841109	0.0002672622	0.0001924557	0.0001734572	0.000166982	0.0001600561	0.000146058	0.0001352368	0.0001230894	0.0001108172	5.948528e-05	4.922921e-05	3.879406e-05	2.875395e-05	1.863156e-05	8.47292e-06	5.366626e-06	3.705048e-06
55	0.0907331	0.03172645	0.001838254	0.0002640174	0.0001553368	9.122439e-05	6.276639e-05	2.600639e-05	1.802316e-05	1.521995e-05	1.31213e-05	1.178094e-05	1.108743e-05	8.026659e-06	7.026444e-06	6.790856e-06	6.561679e-06	5.808437e-06	5.470682e-06	5.064929e-06	4.624914e-06	2.259519e-06	1.913835e-06	1.585356e-06	1.273989e-06	9.592806e-07	6.448569e-07	5.651654e-07
56	0.1900977	0.08875759	0.03156089	0.00171238	0.0001939471	0.0001342298	7.65241e-05	5.269399e-05	2.231654e-05	1.57975e-05	1.336577e-05	1.151979e-05	1.036921e-05	9.748063e-06	7.07725e-06	6.206398e-06	5.998878e-06	5.799759e-06	5.110525e-06	4.815232e-06	4.459062e-06	4.071764e-06	1.919403e-06	1.6384e-06	1.351392e-06	1.079672e-06	8.048198e-07	5.302137e-07
57	0.9759884	0.1807014	0.08793433	0.03141788	0.001710397	0.000192324	0.0001328446	7.589328e-05	5.227368e-05	2.193855e-05	1.543713e-05	1.304177e-05	1.122581e-05	1.010521e-05	9.569773e-06	7.065071e-06	6.195697e-06	5.988059e-06	5.788831e-06	5.101594e-06	4.806291e-06	4.455286e-06	4.068096e-06	1.918048e-06	1.637194e-06	1.350492e-06	1.078924e-06	8.044592e-07
58	0.8049552	0.7871437	0.1713543	0.08157848	0.03124401	0.001575676	9.260374e-05	4.592457e-05	2.67813e-05	2.441694e-05	4.117675e-06	2.118326e-06	1.656248e-06	1.524012e-06	1.467898e-06	1.430997e-06	1.131484e-06	9.596296e-07	9.771988e-07	9.941947e-07	7.691234e-07	7.727461e-07	7.610727e-07	7.061455e-07	2.283655e-07	2.299275e-07	2.295145e-07	2.329894e-07
59	0.3039065	0.2990101	0.2898672	0.1486018	0.07578806	0.03106188	0.001426507	6.777913e-05	2.675524e-05	2.003185e-05	1.936441e-05	2.208998e-06	1.01118e-06	7.397852e-07	6.753805e-07	6.524129e-07	6.458074e-07	4.951426e-07	4.443955e-07	4.525068e-07	4.604537e-07	3.885451e-07	3.935069e-07	3.894034e-07	3.400442e-07	1.716179e-07	1.752274e-07	1.769367e-07
60	0.2459492	0.2097278	0.2088581	0.1999267	0.07755235	0.07496553	0.03104543	0.001417495	5.987294e-05	2.170522e-05	1.823793e-05	1.812696e-05	1.662599e-06	6.602296e-07	4.256103e-07	3.779376e-07	3.636485e-07	3.679221e-07	2.923844e-07	2.83518e-07	2.887939e-07	2.935191e-07	2.602486e-07	2.645746e-07	2.625443e-07	2.524962e-07	1.605756e-07	1.645636e-07
61	0.5668297	0.04656016	0.04276962	0.04220522	0.04215428	0.03888485	0.03745589	0.00141633	0.001396033	3.898431e-05	1.730357e-06	6.740373e-07	5.466376e-07	2.439385e-07	1.603604e-07	9.815869e-08	7.977962e-08	7.703667e-08	7.731101e-08	6.895096e-08	6.428153e-08	6.46326e-08	6.484864e-08	5.541005e-08	5.629865e-08	5.388049e-08	4.889439e-08	9.173982e-09
62	0.1186873	0.08082809	0.03825795	0.03789452	0.03751466	0.03749648	0.03647497	0.03561688	5.658005e-05	3.791827e-05	3.778041e-05	8.846603e-07	4.21415e-07	3.59356e-07	1.49277e-07	9.189028e-08	5.672464e-08	4.917124e-08	4.804431e-08	4.87962e-08	4.401592e-08	4.240406e-08	4.33765e-08	4.430686e-08	4.135968e-08	4.222953e-08	3.998341e-08	3.480168e-08
63	0.3041096	0.1120271	0.07690292	0.0373533	0.03704647	0.03667763	0.03666017	0.03566515	0.03542551	4.709581e-05	2.8731e-05	2.863929e-05	7.967283e-07	3.983652e-07	3.448424e-07	1.445198e-07	8.886993e-08	5.479239e-08	4.751871e-08	4.647949e-08	4.722794e-08	4.290834e-08	4.142324e-08	4.23871e-08	4.331098e-08	4.054677e-08	4.141578e-08	3.919333e-08
64	0.415554	0.2985556	0.1084081	0.07591615	0.03734663	0.03704349	0.03667478	0.03665737	0.03566274	0.03542346	4.70426e-05	2.869642e-05	2.860481e-05	7.641191e-07	3.979283e-07	3.445153e-07	1.442335e-07	8.860002e-08	5.453872e-08	4.728419e-08	4.625311e-08	4.699669e-08	4.268046e-08	4.11909e-08	4.214903e-08	4.306692e-08	4.048471e-08	4.135226e-08
65	0.4146436	0.2386015	0.1478667	0.07033886	0.03896813	0.00140261	0.00119173	0.001130247	0.001113001	0.000554369	0.0003192152	4.683356e-05	2.862078e-05	2.853104e-05	7.156908e-07	3.809711e-07	3.371032e-07	1.403692e-07	8.604077e-08	5.211249e-08	4.498551e-08	4.400458e-08	4.47033e-08	4.04432e-08	3.951885e-08	4.043594e-08	4.131051e-08	3.871891e-08
66	0.5281638	0.3402126	0.2111941	0.1381538	0.06453573	0.03663905	0.001373725	0.001167742	0.001107074	0.001089903	0.0005341063	0.0003001181	2.978973e-05	2.861089e-05	2.852154e-05	7.082705e-07	3.802678e-07	3.365919e-07	1.400119e-07	8.574031e-08	5.193934e-08	4.484251e-08	4.386779e-08	4.457115e-08	4.031714e-08	3.939466e-08	4.030879e-08	4.118036e-08
67	0.855239	0.4484143	0.2929735	0.1707707	0.1157615	0.0641304	0.0363116	0.001119625	0.0009213218	0.0008655946	0.0008488658	0.0005287967	0.0002962358	2.931274e-05	2.853461e-05	2.844685e-05	6.382789e-07	3.304374e-07	2.953294e-07	1.205698e-07	7.035316e-08	3.674853e-08	2.94368e-08	2.819493e-08	2.854615e-08	2.418973e-08	2.301965e-08	2.352591e-08
68	0.7417766	0.6585641	0.4077353	0.2554473	0.1349686	0.08992557	0.06327034	0.03562103	0.0008954636	0.0007350025	0.0007106146	0.0006940799	0.00047679	0.000253198	1.476804e-06	7.783601e-07	7.109703e-07	6.035017e-07	3.21613e-07	2.893102e-07	1.174619e-07	6.815409e-08	3.557742e-08	2.857348e-08	2.739165e-08	2.773606e-08	2.34725e-08	2.237431e-08
69	0.7713916	0.7108384	0.6366553	0.3886224	0.2495695	0.1309788	0.08970143	0.06312428	0.03557237	0.0008928971	0.0007330356	0.0007088175	0.0006923076	0.000475768	0.0002525958	1.438027e-06	7.410756e-07	6.738703e-07	5.666931e-07	3.212336e-07	2.89063e-07	1.172905e-07	6.801208e-08	3.549301e-08	2.851421e-08	2.734588e-08	2.769057e-08	2.342919e-08
70	0.8116001	0.7616971	0.7058615	0.632843	0.3854578	0.2467431	0.1285755	0.08927624	0.06302851	0.03549755	0.0008876653	0.0007295407	0.0007061649	0.0006896706	0.000474901	0.0002520419	1.431555e-06	7.357875e-07	6.687578e-07	5.619691e-07	3.173293e-07	2.885422e-07	1.169813e-07	6.776428e-08	3.528175e-08	2.832723e-08	2.716538e-08	2.751633e-08
71	0.8388564	0.803491	0.7531406	0.7018823	0.6305952	0.3810877	0.2403345	0.1199522	0.08039865	0.06413183	0.03615052	0.0008946069	0.0007381483	0.0007145718	0.0006979186	0.0004814493	0.0002558439	1.433228e-06	7.284037e-07	6.605903e-07	5.532312e-07	3.057901e-07	2.786074e-07	1.110576e-07	6.300963e-08	3.016908e-08	2.304545e-08	2.177116e-08
72	0.8806979	0.8267304	0.7922555	0.7411569	0.69944	0.6277914	0.3748575	0.2317409	0.109057	0.06896294	0.06532844	0.03685049	0.0009005575	0.0007466973	0.0007230361	0.0007062356	0.0004886815	0.0002593985	1.438808e-06	7.239978e-07	6.555626e-07	5.473373e-07	2.977584e-07	2.706773e-07	1.088277e-07	6.238327e-08	2.926234e-08	2.20738e-08
73	0.9734063	0.8769217	0.8280278	0.7950861	0.7433256	0.7026668	0.6320951	0.3794314	0.2354037	0.1103582	0.0699341	0.06625284	0.0375383	0.0008624317	0.0007426106	0.0007195611	0.0007033434	0.0004895488	0.0002596871	1.373228e-06	6.591852e-07	5.907154e-07	4.869534e-07	2.412092e-07	2.145127e-07	9.334325e-08	5.821785e-08	2.653307e-08
74	0.9579643	0.9490262	0.8663144	0.8251551	0.7940981	0.741957	0.7014101	0.6345316	0.384292	0.2395183	0.1120698	0.07128996	0.06758065	0.0382556	0.0008193022	0.0007379943	0.0007156132	0.0007000638	0.0004904056	0.0002598005	1.30493e-06	5.912999e-07	5.225506e-07	4.19774e-07	1.780137e-07	1.512324e-07	7.473753e-08	5.228831e-08
75	0.6924909	0.6828383	0.6739718	0.5956563	0.5597751	0.5311198	0.5070391	0.4667596	0.4362965	0.3866648	0.2413841	0.1143505	0.07272058	0.0689577	0.03900582	0.000821952	0.0007392477	0.0007169292	0.0007023933	0.0004921949	0.0002609958	1.244158e-06	5.270398e-07	4.579669e-07	3.549281e-07	1.106835e-07	8.304095e-08	5.598169e-08
76	0.9179177	0.6286265	0.6257777	0.618363	0.5805872	0.5595816	0.5317239	0.5075364	0.4674861	0.4407703	0.3936746	0.245757	0.1164971	0.07408901	0.0703489	0.03973251	0.0007061009	0.0006223931	0.0006031839	0.0005913412	0.0004120928	0.000220755	1.056352e-06	4.455284e-07	3.865574e-07	2.991738e-07	9.024556e-08	6.697738e-08
77	0.4705808	0.4682575	0.383194	0.3819136	0.3799201	0.3544038	0.3408644	0.335162	0.3130918	0.2799512	0.2646912	0.2493717	0.2467142	0.1186045	0.07538908	0.07169215	0.04045284	0.0005855599	0.0005008519	0.0004850487	0.0004759632	0.0003285863	0.0001783943	8.645682e-07	3.629396e-07	3.143279e-07	2.425395e-07	7.115684e-08
78	0.2060876	0.1954071	0.1946479	0.1729514	0.1721805	0.1718984	0.1565412	0.148444	0.1442831	0.1434839	0.1110044	0.1006867	0.09227851	0.09077361	0.08894275	0.04489267	0.04123811	0.04123255	0.0004440979	0.0003583709	0.0003463358	0.0003424018	0.0002315966	0.0001296057	6.450661e-07	2.702696e-07	2.33984e-07	1.801286e-07
79	0.1843638	0.1203214	0.1143503	0.1137077	0.0980209	0.09740366	0.09720677	0.08800992	0.0840766	0.08087032	0.08033242	0.05940672	0.05294273	0.04785267	0.04684856	0.04559614	0.01939659	0.01838721	0.01838265	0.0002658586	0.0002123772	0.0002043662	0.0002036225	0.000131045	7.904666e-05	4.206261e-07	1.76678e-07	1.527769e-07
80	0.2606459	0.1364569	0.07844052	0.07421173	0.0739587	0.06515147	0.06488119	0.06479774	0.05966576	0.05730519	0.05482964	0.05454946	0.0361246	0.03276712	0.02967252	0.0289479	0.02815035	0.001614109	0.0006711547	0.0006670923	0.0001504712	0.000139415	0.0001334426	0.0001332911	7.893138e-05	5.313973e-05	3.070422e-07	1.297041e-07
81	0.2182128	0.146356	0.05055508	0.03415996	0.03216198	0.03199748	0.0297884	0.02957267	0.02951541	0.02733741	0.02614698	0.02391272	0.02374937	0.005544323	0.004040778	0.002538678	0.002057336	0.00150712	0.0009947849	8.808927e-05	8.447675e-05	7.392601e-05	7.072237e-05	6.667927e-05	6.660464e-05	2.831246e-05	2.803302e-05	1.998002e-07
82	0.10017	0.07539069	0.06907686	0.01504404	0.01371111	0.01354523	0.01348023	0.01310127	0.01303539	0.01301734	0.01214722	0.01161085	0.009629647	0.009558365	0.003116433	0.002563175	0.001887053	0.001586273	0.001254417	0.0008108394	4.702001e-05	4.366822e-05	3.446241e-05	3.177928e-05	2.932364e-05	2.928149e-05	5.651969e-06	5.482952e-06
83	0.7416633	0.08006208	0.05969686	0.05573019	0.01086497	0.01001337	0.00990723	0.009869349	0.009656766	0.009620171	0.009611636	0.009168481	0.00888582	0.008581854	0.008548905	0.002167878	0.001909312	0.001545987	0.00136569	0.00121275	0.0008047208	3.021473e-05	2.71072e-05	1.826571e-05	1.579621e-05	1.462056e-05	1.460155e-05	2.677037e-06
84	0.9468584	0.7550854	0.07818953	0.05821493	0.05459123	0.01056054	0.009728178	0.00963593	0.009603553	0.00943497	0.009404409	0.009397908	0.009043452	0.00881512	0.008527544	0.008502772	0.002004242	0.001802017	0.001504752	0.001338455	0.001227379	0.000819856	2.667019e-05	2.349997e-05	1.45587e-05	1.209223e-05	1.121603e-05	1.120231e-05
85	0.1460597	0.1225609	0.02397983	0.01062507	0.008274698	0.00723655	0.002198951	0.001949067	0.00191965	0.001902865	0.001831034	0.001818835	0.001815216	0.001648826	0.001557326	0.00132541	0.001310543	0.0009064184	0.0007899325	0.0006666802	0.0005584457	0.0004857728	8.159275e-05	1.283688e-05	9.60164e-06	9.16495e-06	6.71269e-06	6.134622e-06
86	0.1812085	0.1155605	0.09428287	0.01676606	0.006240416	0.00511246	0.004500164	0.001389569	0.001223998	0.001206762	0.001196342	0.001159939	0.001154156	0.001152449	0.001074307	0.001029945	0.001009785	0.00100273	0.0006384941	0.0005883881	0.0005288488	0.0005119877	0.0004795476	7.449423e-05	5.976916e-06	5.7378e-06	5.454092e-06	3.001729e-06
87	0.1031977	0.04118561	0.0374981	0.0270816	0.005339221	0.003952723	0.003371268	0.003027115	0.0007795833	0.0007098742	0.0006994884	0.0006908918	0.0006672282	0.0006635278	0.0006624918	0.000616231	0.0005920163	0.0005806935	0.0005764083	0.0002244243	0.0001944371	0.000162521	0.0001534115	0.000135037	7.186134e-05	2.115855e-06	1.87403e-06	1.727311e-06
88	0.04383323	0.02462411	0.007139928	0.007028278	0.0057001	0.001123496	0.0006998785	0.0005070967	0.0004665745	0.000171006	0.0001584918	0.0001563411	0.0001552854	0.0001491161	0.0001480645	0.0001477331	0.0001326854	0.0001243894	0.0001197788	0.0001183859	0.0001066259	9.641423e-05	8.516366e-05	8.092386e-05	7.389976e-05	7.153159e-05	9.448841e-07	6.997085e-07
89	0.1692521	0.01398449	0.01100051	0.002031193	0.001979395	0.001633667	0.0001969527	0.0001616562	0.0001467998	0.0001379204	9.260558e-05	8.529577e-05	8.500243e-05	8.491882e-05	8.424576e-05	8.415725e-05	8.412914e-05	8.281799e-05	8.206793e-05	8.127954e-05	8.114224e-05	7.62993e-05	7.541314e-05	7.439006e-05	7.398194e-05	7.352814e-05	7.278168e-05	3.33217e-07
90	0.7793502	0.004084308	0.001771095	0.001177978	0.0002477392	0.0002410072	0.0001891622	5.863918e-05	4.105573e-05	3.385134e-05	2.752239e-05	6.375719e-06	6.023705e-06	5.901147e-06	5.835451e-06	5.44967e-06	5.379033e-06	5.356498e-06	4.321748e-06	3.784305e-06	3.559544e-06	3.443951e-06	2.860359e-06	2.175041e-06	1.445055e-06	1.123215e-06	7.776408e-07	3.387865e-07
91	0.1035813	0.08016348	0.0014156	0.001066897	0.0008358381	0.0001033585	0.0001019466	7.230614e-05	3.053385e-05	2.294931e-05	1.992142e-05	1.894767e-05	3.93046e-06	3.733635e-06	3.652808e-06	3.610573e-06	3.363196e-06	3.317766e-06	3.3029e-06	2.61046e-06	2.250532e-06	2.126962e-06	2.040929e-06	1.734935e-06	1.27337e-06	7.830835e-07	6.759797e-07	4.765824e-07
92	0.07389135	0.03654717	0.03587428	0.001171592	0.0009753721	0.0007924845	7.575962e-05	7.47218e-05	4.986767e-05	2.098863e-05	1.711198e-05	1.547921e-05	1.476431e-05	2.980501e-06	2.854311e-06	2.802241e-06	2.771733e-06	2.595815e-06	2.562624e-06	2.55143e-06	2.022254e-06	1.752824e-06	1.668476e-06	1.596872e-06	1.368508e-06	1.00628e-06	6.386023e-07	5.625195e-07
93	0.04656572	0.02704172	0.01749716	0.01727018	0.0009353345	0.0008954078	0.0007442415	5.369918e-05	5.298515e-05	3.230933e-05	1.246137e-05	1.18376e-05	1.151211e-05	1.102123e-05	1.811991e-06	1.735485e-06	1.703452e-06	1.682165e-06	1.564302e-06	1.540931e-06	1.532812e-06	1.138334e-06	9.461472e-07	8.957134e-07	8.363611e-07	6.75337e-07	3.968223e-07	1.338125e-07
94	0.5292304	0.02419755	0.01227808	0.005887526	0.005747288	0.0002221638	0.0001953801	0.0001010176	4.560863e-05	4.514604e-05	2.500705e-05	1.147177e-05	1.090365e-05	1.060061e-05	1.0154e-05	1.539308e-06	1.475228e-06	1.452971e-06	1.434195e-06	1.332023e-06	1.310856e-06	1.303128e-06	9.213904e-07	7.583642e-07	7.167306e-07	6.578925e-07	6.003163e-07	3.285751e-07
95	0.7261605	0.3406681	0.01695641	0.008842949	0.004481227	0.004383443	0.000195462	0.0001739401	8.993644e-05	3.613963e-05	3.584864e-05	1.556446e-05	5.771444e-06	5.222915e-06	4.975011e-06	4.748762e-06	1.459302e-06	1.399218e-06	1.378614e-06	1.360528e-06	1.262924e-06	1.242504e-06	1.234963e-06	8.611056e-07	7.040911e-07	6.664259e-07	6.069615e-07	5.852922e-07
96	0.7040221	0.5969711	0.2516767	0.0142381	0.008091817	0.004003777	0.003907853	0.0001966196	0.0001752909	8.979158e-05	3.639086e-05	3.6097e-05	1.547825e-05	5.71303e-06	5.152147e-06	4.897207e-06	4.671011e-06	1.45462e-06	1.401031e-06	1.381281e-06	1.363182e-06	1.265847e-06	1.245324e-06	1.237705e-06	8.596215e-07	7.035006e-07	6.670025e-07	6.060127e-07
97	0.7145904	0.5599087	0.4580105	0.2056133	0.01371173	0.007900442	0.003845583	0.003749319	0.0001985025	0.0001771488	9.049982e-05	3.640423e-05	3.610966e-05	1.531099e-05	5.743929e-06	5.164816e-06	4.903638e-06	4.690403e-06	1.469306e-06	1.415431e-06	1.396347e-06	1.377739e-06	1.281385e-06	1.260275e-06	1.252429e-06	8.644259e-07	7.088672e-07	6.73639e-07
98	0.597527	0.5897298	0.4542427	0.3927092	0.1752813	0.01208781	0.007015228	0.003352937	0.003265397	0.0001934816	0.0001749153	8.851358e-05	3.392261e-05	3.364205e-05	1.516003e-05	5.697178e-06	5.175119e-06	4.936535e-06	4.733579e-06	1.408871e-06	1.354389e-06	1.334954e-06	1.31591e-06	1.216908e-06	1.195419e-06	1.188448e-06	8.061952e-07	6.578795e-07
99	0.5387608	0.4938747	0.4879539	0.4022952	0.3621769	0.1618872	0.0114608	0.00671666	0.003123723	0.003038691	0.0001889323	0.0001708141	8.585505e-05	3.262881e-05	3.235492e-05	1.47217e-05	5.747566e-06	5.226319e-06	4.98863e-06	4.795296e-06	1.381238e-06	1.32615e-06	1.306818e-06	1.287504e-06	1.186901e-06	1.165049e-06	1.157993e-06	7.761568e-07
100	0.5771662	0.5084075	0.4680811	0.4628842	0.381952	0.342989	0.1538867	0.01094166	0.006483332	0.003053125	0.002974745	0.0001594895	0.0001415188	6.97736e-05	2.633272e-05	2.610385e-05	1.34215e-05	5.682294e-06	5.164569e-06	4.930628e-06	4.739925e-06	1.314282e-06	1.2607e-06	1.242345e-06	1.223638e-06	1.126364e-06	1.105066e-06	1.098261e-06
101	0.6688143	0.3968355	0.3374148	0.301059	0.2965368	0.2491551	0.225525	0.09950384	0.007159979	0.004171509	0.001556056	0.001513692	0.0001109527	0.0001040083	4.982917e-05	1.815585e-05	1.797882e-05	1.110419e-05	4.967101e-06	4.743315e-06	4.626644e-06	4.444417e-06	1.028949e-06	9.780303e-07	9.610702e-07	9.448484e-07	8.523156e-07	8.33302e-07
102	0.7496524	0.5973374	0.3415197	0.2866608	0.2526484	0.2489516	0.2114395	0.1912257	0.0838898	0.005908194	0.003463222	0.001225418	0.001197149	6.800368e-05	6.310219e-05	2.751229e-05	9.406052e-06	9.264075e-06	9.178587e-06	4.767799e-06	4.603967e-06	4.513917e-06	4.336328e-06	9.23076e-07	8.739999e-07	8.584378e-07	8.440017e-07	7.565776e-07
103	0.7134621	0.7044663	0.5496804	0.3082836	0.256543	0.2261127	0.2228745	0.1886537	0.1699538	0.07462881	0.005304463	0.003002614	0.001078847	0.001052041	4.35476e-05	3.921058e-05	8.770435e-06	7.175292e-06	7.065791e-06	6.978914e-06	4.639813e-06	4.496716e-06	4.417152e-06	4.24407e-06	8.462949e-07	7.987228e-07	7.850054e-07	7.721541e-07
104	0.4052383	0.4005256	0.3990982	0.3613758	0.2356271	0.2089386	0.1835216	0.180936	0.1539389	0.1373049	0.0599667	0.003407482	0.002213649	0.0008819166	0.0008699561	1.038887e-05	7.967037e-06	6.38191e-06	4.995386e-06	4.970655e-06	4.882662e-06	2.946506e-06	2.852176e-06	2.827642e-06	2.694175e-06	6.975496e-07	6.534732e-07	6.420319e-07
105	0.8138474	0.3344261	0.3322728	0.3312235	0.3158438	0.2051499	0.1815595	0.1591756	0.156835	0.1327853	0.122212	0.05342009	0.003148974	0.00207971	0.0008030866	0.0007917621	8.225097e-06	6.089447e-06	4.6135e-06	3.772863e-06	3.750572e-06	3.662716e-06	2.50341e-06	2.431395e-06	2.411342e-06	2.295367e-06	6.312539e-07	5.956258e-07
106	0.9402816	0.8202674	0.3102623	0.3085057	0.3075244	0.2935302	0.1903686	0.1686116	0.1504602	0.1482426	0.1253338	0.1149289	0.05043991	0.003052324	0.002040149	0.0007667128	0.0007555037	7.789579e-06	5.780767e-06	4.381476e-06	3.556606e-06	3.535386e-06	3.445606e-06	2.225513e-06	2.168387e-06	2.150986e-06	2.046064e-06	6.034147e-07
107	0.9125811	0.9106622	0.8220809	0.2816392	0.2802356	0.2795576	0.2669602	0.1732373	0.1537924	0.1374188	0.1353711	0.1151407	0.1049328	0.04600098	0.002396805	0.001467263	0.0007214988	0.0007105241	6.820461e-06	4.996263e-06	3.936185e-06	3.165641e-06	3.145721e-06	3.13434e-06	1.854508e-06	1.813848e-06	1.800542e-06	1.715269e-06
108	0.9709563	0.9061677	0.904343	0.8365821	0.2567308	0.2554366	0.2548222	0.2432403	0.1585817	0.1412209	0.1267064	0.1248034	0.1061682	0.09646109	0.04236288	0.002230071	0.00137199	0.0006757823	0.0006649553	6.17749e-06	4.516366e-06	3.535504e-06	2.854184e-06	2.835291e-06	2.824592e-06	1.498307e-06	1.475459e-06	1.4654e-06
109	0.7383192	0.7221011	0.7152814	0.7142068	0.6703695	0.2258614	0.2247093	0.2241491	0.213664	0.1390454	0.1245427	0.1121435	0.1104119	0.0935055	0.08678969	0.03816714	0.00185547	0.001082891	0.0005850568	0.0005745511	3.521478e-06	2.201858e-06	1.377166e-06	1.102649e-06	1.09426e-06	1.090157e-06	1.003991e-06	9.858393e-07
110	0.9354216	0.7145607	0.6994175	0.6940378	0.6929596	0.6688486	0.2065435	0.2054498	0.2049203	0.1951356	0.1277947	0.1150463	0.1040543	0.102426	0.08677515	0.08044742	0.03544115	0.001712503	0.0009941623	0.0005400648	0.000536732	2.905589e-06	1.729076e-06	9.85033e-07	7.591636e-07	7.527022e-07	7.489514e-07	6.75167e-07
111	0.4544959	0.4203982	0.2059201	0.1923628	0.1887048	0.1876519	0.1861827	0.1834677	0.1824353	0.1819384	0.1729029	0.1136075	0.102793	0.09395938	0.09244178	0.07811501	0.07357115	0.03249859	0.001559367	0.000898188	0.0005001681	0.0004973405	2.230139e-06	1.220775e-06	5.375255e-07	3.84382e-07	3.792005e-07	3.758148e-07
112	0.2006908	0.1749814	0.1534385	0.1390981	0.1296974	0.1273534	0.126433	0.1252084	0.1244187	0.1239103	0.1236447	0.1178452	0.08081911	0.07370649	0.06900332	0.067859	0.05715653	0.05360009	0.0240169	0.001279621	0.0007798307	0.0004118123	0.0004096292	1.733201e-06	9.165331e-07	3.600018e-07	2.561469e-07	2.52581e-07
113	0.1703873	0.1186279	0.1000178	0.08801979	0.0801981	0.07333355	0.07218325	0.07199354	0.07093183	0.07035305	0.07010459	0.06998484	0.06655842	0.05135506	0.04780731	0.04715051	0.0466554	0.03815403	0.03476353	0.01610102	0.001107975	0.0007310643	0.0003689933	0.0003672158	1.421204e-06	7.161296e-07	2.269767e-07	1.483136e-07
114	0.1984118	0.1149472	0.07514041	0.06045085	0.05209421	0.04691723	0.04205087	0.04109765	0.0410239	0.04002305	0.03953599	0.03943865	0.03940459	0.03741418	0.03645865	0.03521047	0.03485474	0.03473738	0.02724965	0.02375458	0.01157592	0.001060389	0.0007456291	0.0003628541	0.0003612536	1.308982e-06	6.359272e-07	1.599806e-07
115	0.7335988	0.1895817	0.1122174	0.07045648	0.05518586	0.04731619	0.04222964	0.03754983	0.03664226	0.03657737	0.03549404	0.03500434	0.03494115	0.03492256	0.03340191	0.0325972	0.03239819	0.03216515	0.0320944	0.02435079	0.02044624	0.01040006	0.001143788	0.0008292056	0.0003965772	0.000394901	1.386397e-06	6.604867e-07
116	0.5705171	0.4689146	0.112832	0.06100275	0.04798574	0.04401094	0.03759235	0.03415094	0.03069464	0.03024294	0.03019552	0.029053	0.02877557	0.02872915	0.02871672	0.02780001	0.02716731	0.02700558	0.02693271	0.02687979	0.01868686	0.0158155	0.008587141	0.0009351402	0.0006178934	0.0004446329	0.0004430486	1.425745e-06
117	0.4396727	0.4361148	0.3526422	0.07934734	0.04077234	0.03164942	0.02960082	0.02617147	0.02429656	0.02313361	0.02277595	0.02274572	0.02233018	0.02209376	0.02205947	0.0220554	0.02205291	0.02168128	0.02158918	0.02151102	0.02148513	0.01262813	0.009286255	0.006228086	0.0009897378	0.0007143252	0.0005173167	0.0005158101
118	0.6966322	0.403121	0.4000986	0.3314028	0.07327254	0.03689267	0.02826046	0.02726048	0.02439557	0.02264556	0.02197396	0.02162432	0.02160171	0.02112606	0.0209083	0.0208754	0.02087206	0.02087003	0.02064588	0.0205664	0.02046819	0.02044258	0.009509377	0.005228933	0.005210095	0.001229226	0.0009143677	0.0006632606
119	0.6062568	0.5669106	0.4414922	0.4385381	0.3628868	0.07861702	0.03856124	0.02911707	0.02801847	0.02652598	0.02461764	0.02434577	0.02395689	0.0239306	0.02330741	0.02306445	0.0230278	0.02302386	0.02302113	0.02271865	0.02266337	0.02252887	0.02249405	0.007846007	0.001766614	0.00175158	0.00166565	0.001298223
120	0.3798592	0.2914757	0.2609889	0.1588681	0.15771	0.1308939	0.02897429	0.01453616	0.01100211	0.01058609	0.01003695	0.009373995	0.009162434	0.008968726	0.008957199	0.008380681	0.008253056	0.008240898	0.008239799	0.008239679	0.008198591	0.008143895	0.008001433	0.007991384	0.007985192	0.001528736	0.001513993	0.001426016
